xyz
x_array's size: 1
offset: 0
1525339364	prev_ids: 	Tensor[array_read_0.tmp_0]
	shape: [2,1,]
	dtype: l
	LoD: [[ 0,1,2, ][ 0,1,2, ]]
	data: 0,0,
x_array's size: 1
offset: 0
1525339364	prev_scores: 	Tensor[array_read_1.tmp_0]
	shape: [2,1,]
	dtype: f
	LoD: [[ 0,1,2, ][ 0,1,2, ]]
	data: 1,1,
1525339364	prev_ids_embedding: 	Tensor[embedding_1.tmp_0]
	shape: [2,16,]
	dtype: f
	LoD: [[ 0,1,2, ][ 0,1,2, ]]
	data: -0.00144554,0.00941028,0.00604163,-0.010807,0.0128351,-0.00861265,0.0118081,-0.0133533,-0.0103167,0.0117012,0.00185339,-0.0024676,-0.0117001,-0.00514908,0.00116534,0.00989471,-0.00144554,0.00941028,0.00604163,-0.010807,0.0128351,-0.00861265,0.0118081,-0.0133533,-0.0103167,0.0117012,0.00185339,-0.0024676,-0.0117001,-0.00514908,0.00116534,0.00989471,
x_array's size: 1
offset: 0
1525339364	prev_state: 	Tensor[array_read_2.tmp_0]
	shape: [2,32,]
	dtype: f
	data: -0.00102037,-0.00150981,-0.00147861,-0.00198831,0.00159907,0.00209865,0.000544862,0.00120453,-0.000750288,0.00180949,-2.3502e-05,-0.00113743,-1.31969e-05,0.00024903,-0.000957526,0.000371919,-0.000580131,0.00105443,-0.00146112,-0.000376014,7.66307e-05,0.00134881,-0.00146072,-2.13664e-05,0.0031947,0.00179769,0.00116053,-0.00211028,-0.000485258,-0.000628566,-0.0002617,0.000864043,-4.99595e-05,-0.000869421,-0.00137151,-0.000612078,0.000843789,0.000355452,-0.00061078,0.00164917,-0.00104079,0.000802381,-0.000704996,-0.00036213,-0.000126748,-0.000431748,0.00086552,-0.000891561,-0.000819691,0.00104456,-0.000553318,-0.000121213,-0.000102138,0.00155036,-0.00151906,-0.000718395,0.00293281,0.00036571,0.000227421,-0.000567326,0.000781867,-0.000260144,0.000190994,0.000898973,
1525339364	prev_state_expanded: 	Tensor[sequence_expand_0.tmp_0]
	shape: [2,32,]
	dtype: f
	data: -0.00102037,-0.00150981,-0.00147861,-0.00198831,0.00159907,0.00209865,0.000544862,0.00120453,-0.000750288,0.00180949,-2.3502e-05,-0.00113743,-1.31969e-05,0.00024903,-0.000957526,0.000371919,-0.000580131,0.00105443,-0.00146112,-0.000376014,7.66307e-05,0.00134881,-0.00146072,-2.13664e-05,0.0031947,0.00179769,0.00116053,-0.00211028,-0.000485258,-0.000628566,-0.0002617,0.000864043,-4.99595e-05,-0.000869421,-0.00137151,-0.000612078,0.000843789,0.000355452,-0.00061078,0.00164917,-0.00104079,0.000802381,-0.000704996,-0.00036213,-0.000126748,-0.000431748,0.00086552,-0.000891561,-0.000819691,0.00104456,-0.000553318,-0.000121213,-0.000102138,0.00155036,-0.00151906,-0.000718395,0.00293281,0.00036571,0.000227421,-0.000567326,0.000781867,-0.000260144,0.000190994,0.000898973,
1525339364	current_state: 	Tensor[fc_1.tmp_3]
	shape: [2,32,]
	dtype: f
	data: -0.00987517,0.0016154,0.00753435,0.0136194,0.00273513,0.00349234,0.00340371,0.00353443,0.00217051,7.44476e-07,-0.0100663,0.0123564,-0.0101679,0.00470557,-0.000293365,0.000634535,-0.00153842,0.00332767,-0.0119227,0.0106149,0.00401803,-0.0074519,0.00328178,0.00716516,-0.0016928,-0.00239654,-0.000507892,-0.000360125,-0.00852574,-0.00295482,-0.00569679,-0.00991234,-0.00975693,0.00371821,0.00740415,0.0133176,0.0040738,0.00415894,0.00431358,0.00263904,0.00265099,0.000995597,-0.00849841,0.0107035,-0.00983068,0.00460671,-0.000239875,0.000833525,-0.000175322,0.00395936,-0.0121618,0.0100147,0.00424751,-0.00537774,0.00309511,0.00717771,-0.0018136,-0.00201834,-0.000142609,-0.00128275,-0.00781211,-0.00460509,-0.00494119,-0.0102675,
1525339364	current_state_with_lod: 	Tensor[lod_reset_0.tmp_0]
	shape: [2,32,]
	dtype: f
	LoD: [[ 0,1,2, ][ 0,1,2, ]]
	data: -0.00987517,0.0016154,0.00753435,0.0136194,0.00273513,0.00349234,0.00340371,0.00353443,0.00217051,7.44476e-07,-0.0100663,0.0123564,-0.0101679,0.00470557,-0.000293365,0.000634535,-0.00153842,0.00332767,-0.0119227,0.0106149,0.00401803,-0.0074519,0.00328178,0.00716516,-0.0016928,-0.00239654,-0.000507892,-0.000360125,-0.00852574,-0.00295482,-0.00569679,-0.00991234,-0.00975693,0.00371821,0.00740415,0.0133176,0.0040738,0.00415894,0.00431358,0.00263904,0.00265099,0.000995597,-0.00849841,0.0107035,-0.00983068,0.00460671,-0.000239875,0.000833525,-0.000175322,0.00395936,-0.0121618,0.0100147,0.00424751,-0.00537774,0.00309511,0.00717771,-0.0018136,-0.00201834,-0.000142609,-0.00128275,-0.00781211,-0.00460509,-0.00494119,-0.0102675,
1525339364	topk_scores: 	Tensor[top_k_0.tmp_0]
	shape: [2,50,]
	dtype: f
	LoD: [[ 0,1,2, ][ 0,1,2, ]]
	data: 3.33779e-05,3.33745e-05,3.33739e-05,3.33738e-05,3.33738e-05,3.33737e-05,3.33737e-05,3.33737e-05,3.33734e-05,3.33731e-05,3.33729e-05,3.33724e-05,3.33719e-05,3.33719e-05,3.33714e-05,3.33711e-05,3.3371e-05,3.3371e-05,3.33709e-05,3.33705e-05,3.33702e-05,3.33702e-05,3.337e-05,3.337e-05,3.33698e-05,3.33698e-05,3.33697e-05,3.33694e-05,3.33693e-05,3.33693e-05,3.33692e-05,3.33691e-05,3.33689e-05,3.33687e-05,3.33686e-05,3.33683e-05,3.33682e-05,3.33682e-05,3.33682e-05,3.33681e-05,3.3368e-05,3.3368e-05,3.33676e-05,3.33675e-05,3.33674e-05,3.33674e-05,3.33673e-05,3.33673e-05,3.33672e-05,3.33671e-05,3.33798e-05,3.33749e-05,3.33749e-05,3.33748e-05,3.33748e-05,3.33738e-05,3.33728e-05,3.33727e-05,3.33727e-05,3.33726e-05,3.33724e-05,3.33722e-05,3.33714e-05,3.33713e-05,3.33713e-05,3.3371e-05,3.33705e-05,3.33704e-05,3.33702e-05,3.337e-05,3.33696e-05,3.33695e-05,3.33695e-05,3.33693e-05,3.3369e-05,3.3369e-05,3.33688e-05,3.33688e-05,3.33688e-05,3.33685e-05,3.33685e-05,3.33683e-05,3.33682e-05,3.33681e-05,3.3368e-05,3.33679e-05,3.33679e-05,3.33679e-05,3.33678e-05,3.33677e-05,3.33677e-05,3.33677e-05,3.33677e-05,3.33676e-05,3.33676e-05,3.33676e-05,3.33674e-05,3.33673e-05,3.33672e-05,3.33672e-05,
1525339364	topk_indices: 	Tensor[top_k_0.tmp_1]
	shape: [2,50,]
	dtype: l
	LoD: [[ 0,1,2, ][ 0,1,2, ]]
	data: 7918,25320,28054,2296,10568,7869,13064,18341,11833,26311,19568,17516,7497,29961,28712,24844,5935,2428,26545,1020,24277,23267,2515,10732,2054,7806,21498,15640,13702,15732,9346,3387,6440,13950,22378,4027,12001,27073,4378,9880,17948,2699,5363,23400,3216,18574,6853,13464,12429,17289,7918,13064,10568,7869,25320,18341,7497,2296,28054,24277,11833,5935,1020,6440,19568,26311,28712,17516,21482,7806,29961,2515,26545,2428,23267,24844,15732,17391,10732,4027,17948,13950,27312,15640,3387,2699,27331,21468,21498,27073,6853,17289,5363,27542,18574,13702,12001,14488,8076,22378,
1525339364	selected_ids: 	Tensor[beam_search_0.tmp_1]
	shape: [4,1,]
	dtype: l
	LoD: [[ 0,1,2, ][ 0,2,4, ]]
	data: 7918,25320,7918,13064,
1525339364	selected_scores: 	Tensor[beam_search_0.tmp_0]
	shape: [4,1,]
	dtype: f
	LoD: [[ 0,1,2, ][ 0,2,4, ]]
	data: 3.33779e-05,3.33745e-05,3.33798e-05,3.33749e-05,
x_array's size: 2
offset: 1
1525339364	prev_ids: 	Tensor[array_read_0.tmp_0]
	shape: [4,1,]
	dtype: l
	LoD: [[ 0,1,2, ][ 0,2,4, ]]
	data: 7918,25320,7918,13064,
x_array's size: 2
offset: 1
1525339364	prev_scores: 	Tensor[array_read_1.tmp_0]
	shape: [4,1,]
	dtype: f
	LoD: [[ 0,1,2, ][ 0,2,4, ]]
	data: 3.33779e-05,3.33745e-05,3.33798e-05,3.33749e-05,
1525339364	prev_ids_embedding: 	Tensor[embedding_1.tmp_0]
	shape: [4,16,]
	dtype: f
	LoD: [[ 0,1,2, ][ 0,2,4, ]]
	data: 0.0046628,-0.00480643,-0.000526752,-0.00609619,0.00678843,0.0136054,-0.00858633,0.0096889,-0.00433873,0.0110665,-0.0121901,0.0113734,0.0110763,0.00573192,-0.00212705,-0.00204271,0.00242561,-0.00740483,0.00780877,0.00823796,-0.00104223,-0.00500488,0.00573957,-0.000593923,0.00333177,-0.010394,0.0125099,-0.012819,-0.00678735,0.010236,-0.00581318,0.0104139,0.0046628,-0.00480643,-0.000526752,-0.00609619,0.00678843,0.0136054,-0.00858633,0.0096889,-0.00433873,0.0110665,-0.0121901,0.0113734,0.0110763,0.00573192,-0.00212705,-0.00204271,0.00284351,0.00375114,-0.0129411,0.0074881,-0.00329599,0.0124481,0.00175438,-0.00318398,-0.0100017,0.00430034,0.00210358,0.000166299,-0.00317261,0.0017777,-0.00871361,0.00178091,
x_array's size: 2
offset: 1
1525339364	prev_state: 	Tensor[array_read_2.tmp_0]
	shape: [2,32,]
	dtype: f
	data: -0.00987517,0.0016154,0.00753435,0.0136194,0.00273513,0.00349234,0.00340371,0.00353443,0.00217051,7.44476e-07,-0.0100663,0.0123564,-0.0101679,0.00470557,-0.000293365,0.000634535,-0.00153842,0.00332767,-0.0119227,0.0106149,0.00401803,-0.0074519,0.00328178,0.00716516,-0.0016928,-0.00239654,-0.000507892,-0.000360125,-0.00852574,-0.00295482,-0.00569679,-0.00991234,-0.00975693,0.00371821,0.00740415,0.0133176,0.0040738,0.00415894,0.00431358,0.00263904,0.00265099,0.000995597,-0.00849841,0.0107035,-0.00983068,0.00460671,-0.000239875,0.000833525,-0.000175322,0.00395936,-0.0121618,0.0100147,0.00424751,-0.00537774,0.00309511,0.00717771,-0.0018136,-0.00201834,-0.000142609,-0.00128275,-0.00781211,-0.00460509,-0.00494119,-0.0102675,
1525339364	prev_state_expanded: 	Tensor[sequence_expand_0.tmp_0]
	shape: [4,32,]
	dtype: f
	data: -0.00987517,0.0016154,0.00753435,0.0136194,0.00273513,0.00349234,0.00340371,0.00353443,0.00217051,7.44476e-07,-0.0100663,0.0123564,-0.0101679,0.00470557,-0.000293365,0.000634535,-0.00153842,0.00332767,-0.0119227,0.0106149,0.00401803,-0.0074519,0.00328178,0.00716516,-0.0016928,-0.00239654,-0.000507892,-0.000360125,-0.00852574,-0.00295482,-0.00569679,-0.00991234,-0.00987517,0.0016154,0.00753435,0.0136194,0.00273513,0.00349234,0.00340371,0.00353443,0.00217051,7.44476e-07,-0.0100663,0.0123564,-0.0101679,0.00470557,-0.000293365,0.000634535,-0.00153842,0.00332767,-0.0119227,0.0106149,0.00401803,-0.0074519,0.00328178,0.00716516,-0.0016928,-0.00239654,-0.000507892,-0.000360125,-0.00852574,-0.00295482,-0.00569679,-0.00991234,-0.00975693,0.00371821,0.00740415,0.0133176,0.0040738,0.00415894,0.00431358,0.00263904,0.00265099,0.000995597,-0.00849841,0.0107035,-0.00983068,0.00460671,-0.000239875,0.000833525,-0.000175322,0.00395936,-0.0121618,0.0100147,0.00424751,-0.00537774,0.00309511,0.00717771,-0.0018136,-0.00201834,-0.000142609,-0.00128275,-0.00781211,-0.00460509,-0.00494119,-0.0102675,-0.00975693,0.00371821,0.00740415,0.0133176,0.0040738,0.00415894,0.00431358,0.00263904,0.00265099,0.000995597,-0.00849841,0.0107035,-0.00983068,0.00460671,-0.000239875,0.000833525,-0.000175322,0.00395936,-0.0121618,0.0100147,0.00424751,-0.00537774,0.00309511,0.00717771,-0.0018136,-0.00201834,-0.000142609,-0.00128275,-0.00781211,-0.00460509,-0.00494119,-0.0102675,
1525339364	current_state: 	Tensor[fc_1.tmp_3]
	shape: [4,32,]
	dtype: f
	data: -0.0114602,-0.00112989,-0.00552725,-0.0139392,0.00593813,-0.01181,-0.00936316,0.0111703,-0.013094,-0.00332879,0.00620617,-0.00993928,0.00609687,-0.00786297,-0.0046057,-0.00564289,0.00679846,0.00599407,-0.0116811,0.00115113,0.00484137,-0.00896204,0.000543415,-0.0241115,-0.00151165,0.00641065,-0.0167371,-0.00254631,-0.00230207,-0.0113112,-0.00551254,0.0117065,-0.00410566,0.0124829,-0.0101721,-0.00666316,0.0140268,-0.00635836,-0.00142396,-0.000458992,-0.012653,-0.00276217,-0.00424487,-0.00242177,-0.00459556,-0.00145031,0.00581875,-0.00085621,0.00759157,0.0127191,-0.0117725,0.00937421,0.00710551,-0.0135739,0.0161772,-0.0166152,-0.00425161,-0.020946,-0.00231981,-0.00132281,0.00821306,-0.00214804,0.00320948,-0.00374653,-0.0121348,-0.00303152,-0.00583595,-0.0141717,0.00523743,-0.0118568,-0.00876374,0.0103837,-0.0121316,-0.00367797,0.0051086,-0.0102878,0.00616974,-0.00847,-0.00387854,-0.00647025,0.00564563,0.00491299,-0.0100581,0.00193925,0.00341762,-0.0094973,0.000920944,-0.0243484,-0.00220714,0.00737642,-0.017025,-0.00185682,-0.00283725,-0.00831596,-0.00570876,0.0117869,-0.00595625,0.000536298,-0.00884454,0.0028189,0.0193148,-0.000368229,-0.00796205,0.00350181,-0.0139481,-0.00217718,-0.00743017,-0.000343342,0.00873534,-0.010847,-0.00381378,-0.00709957,0.0037083,0.0161951,-0.00949538,0.00220385,0.00669468,-0.0159381,0.0164711,-0.0181207,-0.00110957,-0.0113833,-0.00615033,0.00125045,-0.00941389,-0.0147278,0.00140153,-0.00179891,
1525339364	current_state_with_lod: 	Tensor[lod_reset_0.tmp_0]
	shape: [4,32,]
	dtype: f
	LoD: [[ 0,1,2, ][ 0,2,4, ]]
	data: -0.0114602,-0.00112989,-0.00552725,-0.0139392,0.00593813,-0.01181,-0.00936316,0.0111703,-0.013094,-0.00332879,0.00620617,-0.00993928,0.00609687,-0.00786297,-0.0046057,-0.00564289,0.00679846,0.00599407,-0.0116811,0.00115113,0.00484137,-0.00896204,0.000543415,-0.0241115,-0.00151165,0.00641065,-0.0167371,-0.00254631,-0.00230207,-0.0113112,-0.00551254,0.0117065,-0.00410566,0.0124829,-0.0101721,-0.00666316,0.0140268,-0.00635836,-0.00142396,-0.000458992,-0.012653,-0.00276217,-0.00424487,-0.00242177,-0.00459556,-0.00145031,0.00581875,-0.00085621,0.00759157,0.0127191,-0.0117725,0.00937421,0.00710551,-0.0135739,0.0161772,-0.0166152,-0.00425161,-0.020946,-0.00231981,-0.00132281,0.00821306,-0.00214804,0.00320948,-0.00374653,-0.0121348,-0.00303152,-0.00583595,-0.0141717,0.00523743,-0.0118568,-0.00876374,0.0103837,-0.0121316,-0.00367797,0.0051086,-0.0102878,0.00616974,-0.00847,-0.00387854,-0.00647025,0.00564563,0.00491299,-0.0100581,0.00193925,0.00341762,-0.0094973,0.000920944,-0.0243484,-0.00220714,0.00737642,-0.017025,-0.00185682,-0.00283725,-0.00831596,-0.00570876,0.0117869,-0.00595625,0.000536298,-0.00884454,0.0028189,0.0193148,-0.000368229,-0.00796205,0.00350181,-0.0139481,-0.00217718,-0.00743017,-0.000343342,0.00873534,-0.010847,-0.00381378,-0.00709957,0.0037083,0.0161951,-0.00949538,0.00220385,0.00669468,-0.0159381,0.0164711,-0.0181207,-0.00110957,-0.0113833,-0.00615033,0.00125045,-0.00941389,-0.0147278,0.00140153,-0.00179891,
1525339364	topk_scores: 	Tensor[top_k_0.tmp_0]
	shape: [4,50,]
	dtype: f
	LoD: [[ 0,1,2, ][ 0,2,4, ]]
	data: 3.33925e-05,3.33897e-05,3.33877e-05,3.33871e-05,3.3386e-05,3.33854e-05,3.33851e-05,3.3385e-05,3.33848e-05,3.3384e-05,3.3384e-05,3.33832e-05,3.3383e-05,3.33829e-05,3.33827e-05,3.33822e-05,3.33821e-05,3.33816e-05,3.33813e-05,3.33812e-05,3.3381e-05,3.33809e-05,3.33802e-05,3.338e-05,3.33797e-05,3.33794e-05,3.33794e-05,3.33792e-05,3.3379e-05,3.33788e-05,3.33787e-05,3.33786e-05,3.33784e-05,3.33782e-05,3.33782e-05,3.33782e-05,3.33779e-05,3.33778e-05,3.33778e-05,3.33778e-05,3.33776e-05,3.33776e-05,3.33772e-05,3.3377e-05,3.33768e-05,3.33767e-05,3.33766e-05,3.33766e-05,3.33763e-05,3.33761e-05,3.33905e-05,3.33902e-05,3.33852e-05,3.33852e-05,3.33847e-05,3.33844e-05,3.33835e-05,3.33834e-05,3.33827e-05,3.33822e-05,3.33817e-05,3.33814e-05,3.33814e-05,3.33812e-05,3.33803e-05,3.33801e-05,3.33798e-05,3.33797e-05,3.33797e-05,3.33797e-05,3.33791e-05,3.33791e-05,3.33791e-05,3.3379e-05,3.33787e-05,3.33786e-05,3.33786e-05,3.33783e-05,3.33783e-05,3.33782e-05,3.33781e-05,3.3378e-05,3.3378e-05,3.33779e-05,3.33779e-05,3.33778e-05,3.33772e-05,3.33771e-05,3.3377e-05,3.33769e-05,3.33766e-05,3.33765e-05,3.33763e-05,3.33763e-05,3.33762e-05,3.33762e-05,3.33759e-05,3.33758e-05,3.33757e-05,3.33757e-05,3.33912e-05,3.33873e-05,3.33871e-05,3.33865e-05,3.33864e-05,3.33859e-05,3.33845e-05,3.33844e-05,3.33839e-05,3.33838e-05,3.33835e-05,3.33827e-05,3.33825e-05,3.33816e-05,3.33814e-05,3.33813e-05,3.33813e-05,3.33809e-05,3.33808e-05,3.33806e-05,3.33805e-05,3.33804e-05,3.33798e-05,3.33797e-05,3.33795e-05,3.33791e-05,3.3379e-05,3.33788e-05,3.33786e-05,3.33786e-05,3.33782e-05,3.33782e-05,3.3378e-05,3.3378e-05,3.33779e-05,3.33779e-05,3.33778e-05,3.33776e-05,3.33776e-05,3.33776e-05,3.33774e-05,3.33771e-05,3.33767e-05,3.33766e-05,3.33765e-05,3.33762e-05,3.33762e-05,3.33762e-05,3.33762e-05,3.3376e-05,3.33929e-05,3.33891e-05,3.33886e-05,3.33882e-05,3.33875e-05,3.33861e-05,3.3386e-05,3.33851e-05,3.3385e-05,3.33847e-05,3.33845e-05,3.33841e-05,3.33841e-05,3.33841e-05,3.33836e-05,3.33833e-05,3.33831e-05,3.33829e-05,3.33827e-05,3.33826e-05,3.33824e-05,3.33821e-05,3.33818e-05,3.33818e-05,3.3381e-05,3.33808e-05,3.33805e-05,3.33805e-05,3.33799e-05,3.33798e-05,3.33798e-05,3.33797e-05,3.33796e-05,3.33796e-05,3.33793e-05,3.33793e-05,3.33792e-05,3.33792e-05,3.33791e-05,3.33788e-05,3.33787e-05,3.33787e-05,3.33786e-05,3.33782e-05,3.33781e-05,3.33779e-05,3.33779e-05,3.33778e-05,3.33778e-05,3.33777e-05,
1525339364	topk_indices: 	Tensor[top_k_0.tmp_1]
	shape: [4,50,]
	dtype: l
	LoD: [[ 0,1,2, ][ 0,2,4, ]]
	data: 8295,26273,10767,6357,15230,17540,3485,2876,25100,475,25467,14398,22826,25447,12061,11351,5657,21208,12910,17892,8486,26712,20066,17737,261,2783,4438,5039,2670,15957,24992,17910,12262,19093,18975,22257,25207,22354,8528,11889,23070,7112,26512,18436,7370,12281,1234,7784,25876,603,20097,16866,15865,19368,12943,22990,73,257,22285,15396,11211,9,28951,5740,24707,19603,20431,25183,27655,6809,13647,24264,4597,8191,19588,14398,6305,22826,20792,23477,28473,14240,17446,5040,26651,15509,22900,4348,1312,23911,27069,20773,10826,27666,22022,5782,20236,1022,16364,8218,8295,15230,6357,10767,26273,25100,2876,17540,25467,3485,25447,12061,17892,475,5657,26712,21208,4438,8486,11351,25207,22826,14398,12910,23070,1234,5039,15957,20066,261,18768,12262,22354,2670,2783,7112,17737,17910,18436,19093,8528,11889,22257,15706,12736,7370,18975,24992,19500,27436,23501,19368,6305,28473,22990,28951,27297,19603,14398,5618,19986,11211,23067,8702,24,17832,19225,25100,28496,23540,11449,6768,15396,17263,9,18547,26926,13252,8483,1014,5040,23426,20985,16866,3861,5740,14782,22810,22826,5259,26512,14087,12796,27073,9678,8285,6211,18610,7522,10006,
1525339364	selected_ids: 	Tensor[beam_search_0.tmp_1]
	shape: [4,1,]
	dtype: l
	LoD: [[ 0,2,4, ][ 0,1,2,3,4, ]]
	data: 8295,20097,8295,23501,
1525339364	selected_scores: 	Tensor[beam_search_0.tmp_0]
	shape: [4,1,]
	dtype: f
	LoD: [[ 0,2,4, ][ 0,1,2,3,4, ]]
	data: 3.33925e-05,3.33905e-05,3.33912e-05,3.33929e-05,
x_array's size: 3
offset: 2
1525339364	prev_ids: 	Tensor[array_read_0.tmp_0]
	shape: [4,1,]
	dtype: l
	LoD: [[ 0,2,4, ][ 0,1,2,3,4, ]]
	data: 8295,20097,8295,23501,
x_array's size: 3
offset: 2
1525339364	prev_scores: 	Tensor[array_read_1.tmp_0]
	shape: [4,1,]
	dtype: f
	LoD: [[ 0,2,4, ][ 0,1,2,3,4, ]]
	data: 3.33925e-05,3.33905e-05,3.33912e-05,3.33929e-05,
1525339364	prev_ids_embedding: 	Tensor[embedding_1.tmp_0]
	shape: [4,16,]
	dtype: f
	LoD: [[ 0,2,4, ][ 0,1,2,3,4, ]]
	data: -0.0096126,0.0115279,0.00688917,0.0128458,-0.0010822,-0.0115416,0.0141237,0.0108038,0.00451776,0.00661374,0.00739874,0.00952206,0.00124,-0.00579007,-0.00501523,-0.0132553,0.0126191,0.000292136,-0.0083732,0.00498567,0.000191443,-0.00537245,-0.00748341,0.00358737,-0.000609365,-0.00688692,0.0108055,-0.0013706,0.00746723,0.00721722,0.0129326,0.00401634,-0.0096126,0.0115279,0.00688917,0.0128458,-0.0010822,-0.0115416,0.0141237,0.0108038,0.00451776,0.00661374,0.00739874,0.00952206,0.00124,-0.00579007,-0.00501523,-0.0132553,0.00590029,0.00980562,0.00283023,0.0129709,-0.0110212,-0.0038236,-0.00689877,0.00465247,0.00552546,0.0134044,-0.0106049,0.0125794,0.00549377,0.0107354,0.0101602,0.00921193,
x_array's size: 3
offset: 2
1525339364	prev_state: 	Tensor[array_read_2.tmp_0]
	shape: [4,32,]
	dtype: f
	data: -0.0114602,-0.00112989,-0.00552725,-0.0139392,0.00593813,-0.01181,-0.00936316,0.0111703,-0.013094,-0.00332879,0.00620617,-0.00993928,0.00609687,-0.00786297,-0.0046057,-0.00564289,0.00679846,0.00599407,-0.0116811,0.00115113,0.00484137,-0.00896204,0.000543415,-0.0241115,-0.00151165,0.00641065,-0.0167371,-0.00254631,-0.00230207,-0.0113112,-0.00551254,0.0117065,-0.00410566,0.0124829,-0.0101721,-0.00666316,0.0140268,-0.00635836,-0.00142396,-0.000458992,-0.012653,-0.00276217,-0.00424487,-0.00242177,-0.00459556,-0.00145031,0.00581875,-0.00085621,0.00759157,0.0127191,-0.0117725,0.00937421,0.00710551,-0.0135739,0.0161772,-0.0166152,-0.00425161,-0.020946,-0.00231981,-0.00132281,0.00821306,-0.00214804,0.00320948,-0.00374653,-0.0121348,-0.00303152,-0.00583595,-0.0141717,0.00523743,-0.0118568,-0.00876374,0.0103837,-0.0121316,-0.00367797,0.0051086,-0.0102878,0.00616974,-0.00847,-0.00387854,-0.00647025,0.00564563,0.00491299,-0.0100581,0.00193925,0.00341762,-0.0094973,0.000920944,-0.0243484,-0.00220714,0.00737642,-0.017025,-0.00185682,-0.00283725,-0.00831596,-0.00570876,0.0117869,-0.00595625,0.000536298,-0.00884454,0.0028189,0.0193148,-0.000368229,-0.00796205,0.00350181,-0.0139481,-0.00217718,-0.00743017,-0.000343342,0.00873534,-0.010847,-0.00381378,-0.00709957,0.0037083,0.0161951,-0.00949538,0.00220385,0.00669468,-0.0159381,0.0164711,-0.0181207,-0.00110957,-0.0113833,-0.00615033,0.00125045,-0.00941389,-0.0147278,0.00140153,-0.00179891,
1525339364	prev_state_expanded: 	Tensor[sequence_expand_0.tmp_0]
	shape: [4,32,]
	dtype: f
	data: -0.0114602,-0.00112989,-0.00552725,-0.0139392,0.00593813,-0.01181,-0.00936316,0.0111703,-0.013094,-0.00332879,0.00620617,-0.00993928,0.00609687,-0.00786297,-0.0046057,-0.00564289,0.00679846,0.00599407,-0.0116811,0.00115113,0.00484137,-0.00896204,0.000543415,-0.0241115,-0.00151165,0.00641065,-0.0167371,-0.00254631,-0.00230207,-0.0113112,-0.00551254,0.0117065,-0.00410566,0.0124829,-0.0101721,-0.00666316,0.0140268,-0.00635836,-0.00142396,-0.000458992,-0.012653,-0.00276217,-0.00424487,-0.00242177,-0.00459556,-0.00145031,0.00581875,-0.00085621,0.00759157,0.0127191,-0.0117725,0.00937421,0.00710551,-0.0135739,0.0161772,-0.0166152,-0.00425161,-0.020946,-0.00231981,-0.00132281,0.00821306,-0.00214804,0.00320948,-0.00374653,-0.0121348,-0.00303152,-0.00583595,-0.0141717,0.00523743,-0.0118568,-0.00876374,0.0103837,-0.0121316,-0.00367797,0.0051086,-0.0102878,0.00616974,-0.00847,-0.00387854,-0.00647025,0.00564563,0.00491299,-0.0100581,0.00193925,0.00341762,-0.0094973,0.000920944,-0.0243484,-0.00220714,0.00737642,-0.017025,-0.00185682,-0.00283725,-0.00831596,-0.00570876,0.0117869,-0.00595625,0.000536298,-0.00884454,0.0028189,0.0193148,-0.000368229,-0.00796205,0.00350181,-0.0139481,-0.00217718,-0.00743017,-0.000343342,0.00873534,-0.010847,-0.00381378,-0.00709957,0.0037083,0.0161951,-0.00949538,0.00220385,0.00669468,-0.0159381,0.0164711,-0.0181207,-0.00110957,-0.0113833,-0.00615033,0.00125045,-0.00941389,-0.0147278,0.00140153,-0.00179891,
1525339364	current_state: 	Tensor[fc_1.tmp_3]
	shape: [4,32,]
	dtype: f
	data: -0.00781107,0.00756042,0.00151881,0.011102,4.70455e-05,0.00679012,0.00496035,0.00772345,-0.00131485,0.00735006,0.0123422,-0.00159329,-0.00822119,0.0266173,-0.00293515,-0.0253505,-0.000222623,0.00905609,-0.0187663,-0.00895678,0.0093699,-0.014237,-0.00310173,0.0172238,0.0126522,-0.00130537,0.0150297,0.00591015,0.00618125,-0.0210429,-0.00323544,0.0195303,0.0136837,0.000776955,-0.0136822,-0.00983911,0.00137476,0.00350189,-0.00170192,0.00932843,-0.00634133,0.00825119,0.0160911,-0.0147653,0.0070962,0.0067003,-0.0145083,-0.00831199,0.00407687,0.0097236,0.00951699,-0.00593269,-0.0113054,-0.00967268,-0.0132489,-0.0138827,0.00813328,0.000777112,0.0151421,-0.0087874,0.00295446,-0.00347916,-0.00853369,-0.00909266,-0.00836123,0.0087554,0.00206205,0.0120144,0.000143356,0.0067642,0.00396188,0.00897538,-0.00184858,0.00905531,0.0118998,-0.0011326,-0.00806531,0.0274043,-0.00403551,-0.0245371,-0.00041706,0.00806588,-0.0196571,-0.00957417,0.0101952,-0.0133564,-0.00387012,0.0177026,0.0135212,-0.00131347,0.015875,0.00667828,0.00588936,-0.0223438,-0.00176285,0.0188274,0.00262682,0.01016,-0.0121924,-0.00343687,0.00341492,0.013396,-0.000363899,0.00456945,-0.0158001,-0.000399761,0.0237948,-0.00565278,0.015092,0.0152543,-0.0174156,-0.0187314,0.0130537,0.0131104,-0.000380151,-0.0045957,-0.00997184,-0.00717679,-0.0226804,-0.0169967,0.00296031,0.00619474,0.00503476,0.000208824,-0.0087694,-0.0199025,-0.00529211,0.00200255,
1525339364	current_state_with_lod: 	Tensor[lod_reset_0.tmp_0]
	shape: [4,32,]
	dtype: f
	LoD: [[ 0,2,4, ][ 0,1,2,3,4, ]]
	data: -0.00781107,0.00756042,0.00151881,0.011102,4.70455e-05,0.00679012,0.00496035,0.00772345,-0.00131485,0.00735006,0.0123422,-0.00159329,-0.00822119,0.0266173,-0.00293515,-0.0253505,-0.000222623,0.00905609,-0.0187663,-0.00895678,0.0093699,-0.014237,-0.00310173,0.0172238,0.0126522,-0.00130537,0.0150297,0.00591015,0.00618125,-0.0210429,-0.00323544,0.0195303,0.0136837,0.000776955,-0.0136822,-0.00983911,0.00137476,0.00350189,-0.00170192,0.00932843,-0.00634133,0.00825119,0.0160911,-0.0147653,0.0070962,0.0067003,-0.0145083,-0.00831199,0.00407687,0.0097236,0.00951699,-0.00593269,-0.0113054,-0.00967268,-0.0132489,-0.0138827,0.00813328,0.000777112,0.0151421,-0.0087874,0.00295446,-0.00347916,-0.00853369,-0.00909266,-0.00836123,0.0087554,0.00206205,0.0120144,0.000143356,0.0067642,0.00396188,0.00897538,-0.00184858,0.00905531,0.0118998,-0.0011326,-0.00806531,0.0274043,-0.00403551,-0.0245371,-0.00041706,0.00806588,-0.0196571,-0.00957417,0.0101952,-0.0133564,-0.00387012,0.0177026,0.0135212,-0.00131347,0.015875,0.00667828,0.00588936,-0.0223438,-0.00176285,0.0188274,0.00262682,0.01016,-0.0121924,-0.00343687,0.00341492,0.013396,-0.000363899,0.00456945,-0.0158001,-0.000399761,0.0237948,-0.00565278,0.015092,0.0152543,-0.0174156,-0.0187314,0.0130537,0.0131104,-0.000380151,-0.0045957,-0.00997184,-0.00717679,-0.0226804,-0.0169967,0.00296031,0.00619474,0.00503476,0.000208824,-0.0087694,-0.0199025,-0.00529211,0.00200255,
1525339364	topk_scores: 	Tensor[top_k_0.tmp_0]
	shape: [4,50,]
	dtype: f
	LoD: [[ 0,2,4, ][ 0,1,2,3,4, ]]
	data: 3.34013e-05,3.33976e-05,3.33954e-05,3.33945e-05,3.33936e-05,3.33918e-05,3.33917e-05,3.33916e-05,3.33913e-05,3.33908e-05,3.33904e-05,3.339e-05,3.33896e-05,3.33896e-05,3.33881e-05,3.3388e-05,3.33879e-05,3.33877e-05,3.33877e-05,3.33876e-05,3.33875e-05,3.33872e-05,3.33871e-05,3.3387e-05,3.33867e-05,3.33865e-05,3.33864e-05,3.33863e-05,3.33863e-05,3.33863e-05,3.33861e-05,3.33856e-05,3.33855e-05,3.33853e-05,3.33853e-05,3.33852e-05,3.33852e-05,3.33851e-05,3.33849e-05,3.33849e-05,3.33847e-05,3.33846e-05,3.33845e-05,3.33844e-05,3.33844e-05,3.33843e-05,3.33843e-05,3.33843e-05,3.33843e-05,3.33841e-05,3.33925e-05,3.3389e-05,3.33883e-05,3.33882e-05,3.33879e-05,3.33856e-05,3.33843e-05,3.33841e-05,3.33837e-05,3.33836e-05,3.33835e-05,3.33835e-05,3.33826e-05,3.33825e-05,3.33824e-05,3.33823e-05,3.33823e-05,3.33821e-05,3.33821e-05,3.3382e-05,3.33816e-05,3.33815e-05,3.33813e-05,3.33811e-05,3.33808e-05,3.33805e-05,3.33805e-05,3.33804e-05,3.33803e-05,3.33803e-05,3.33801e-05,3.33799e-05,3.33798e-05,3.33798e-05,3.33798e-05,3.33797e-05,3.33796e-05,3.33796e-05,3.33796e-05,3.33795e-05,3.33795e-05,3.33794e-05,3.33793e-05,3.33792e-05,3.33792e-05,3.33791e-05,3.33791e-05,3.33791e-05,3.33791e-05,3.33791e-05,3.34041e-05,3.33986e-05,3.33974e-05,3.33946e-05,3.33935e-05,3.33933e-05,3.33931e-05,3.33927e-05,3.33927e-05,3.33923e-05,3.33919e-05,3.33918e-05,3.33913e-05,3.33913e-05,3.339e-05,3.33895e-05,3.33895e-05,3.33886e-05,3.33886e-05,3.33882e-05,3.3388e-05,3.3388e-05,3.33877e-05,3.33877e-05,3.33876e-05,3.33876e-05,3.33875e-05,3.33874e-05,3.33874e-05,3.33872e-05,3.33872e-05,3.33871e-05,3.33868e-05,3.33868e-05,3.33868e-05,3.33866e-05,3.33865e-05,3.33863e-05,3.33862e-05,3.33861e-05,3.33858e-05,3.33857e-05,3.33857e-05,3.33853e-05,3.33852e-05,3.33851e-05,3.33851e-05,3.3385e-05,3.33849e-05,3.33848e-05,3.3404e-05,3.34034e-05,3.34009e-05,3.33982e-05,3.33963e-05,3.33957e-05,3.33955e-05,3.33944e-05,3.33943e-05,3.33928e-05,3.33928e-05,3.33912e-05,3.33909e-05,3.33907e-05,3.33898e-05,3.33893e-05,3.33893e-05,3.33892e-05,3.3389e-05,3.33886e-05,3.33877e-05,3.33877e-05,3.33876e-05,3.33873e-05,3.33871e-05,3.33869e-05,3.33869e-05,3.33869e-05,3.33866e-05,3.33861e-05,3.3386e-05,3.3386e-05,3.3386e-05,3.33857e-05,3.33857e-05,3.33855e-05,3.33855e-05,3.33854e-05,3.33853e-05,3.33851e-05,3.33847e-05,3.33847e-05,3.33844e-05,3.33844e-05,3.33843e-05,3.33835e-05,3.33834e-05,3.33832e-05,3.33832e-05,3.33831e-05,
1525339364	topk_indices: 	Tensor[top_k_0.tmp_1]
	shape: [4,50,]
	dtype: l
	LoD: [[ 0,2,4, ][ 0,1,2,3,4, ]]
	data: 27210,8350,22093,18655,27602,12086,1042,17298,20142,20544,28147,10709,9905,10590,19194,21445,14922,12062,21228,10808,18396,6303,3913,17852,18181,5251,19754,10887,16275,24391,18870,486,8968,7115,24325,14980,6521,23290,16922,2705,1183,24805,3379,23839,13071,20716,29018,26888,26691,17391,24251,23616,10930,29389,25365,11620,28688,14653,27100,7470,2563,24342,23462,29848,5593,1001,4217,25101,1988,28952,4219,23352,15892,9063,24804,27158,21771,8089,13109,3478,696,19539,10365,2840,28594,12910,14267,914,18520,496,24505,2623,5718,17616,25246,21890,6348,18751,19245,26953,27210,8350,22093,27602,20142,20544,9905,17298,18655,10590,12086,1042,10709,28147,17852,10808,18396,14922,21228,19194,10887,28192,18870,21445,6303,19754,18181,5251,16275,1183,3913,24391,12062,24325,2705,7115,15480,7526,23290,10653,6521,23839,8968,26691,486,24805,3379,3177,20716,14980,5107,9807,26323,9745,5718,28425,6886,29371,26273,2840,5618,29427,14643,13887,2687,18679,19931,21032,3026,14429,23633,1042,28937,8607,24805,16543,6520,6768,790,24552,28594,8229,2017,20446,27974,9988,25576,20623,4710,12023,6521,24140,4695,29432,1601,12910,2563,18210,15758,26222,
1525339364	selected_ids: 	Tensor[beam_search_0.tmp_1]
	shape: [4,1,]
	dtype: l
	LoD: [[ 0,2,4, ][ 0,2,2,3,4, ]]
	data: 8350,27210,27210,5107,
1525339364	selected_scores: 	Tensor[beam_search_0.tmp_0]
	shape: [4,1,]
	dtype: f
	LoD: [[ 0,2,4, ][ 0,2,2,3,4, ]]
	data: 3.33976e-05,3.34013e-05,3.34041e-05,3.3404e-05,
x_array's size: 4
offset: 3
1525339364	prev_ids: 	Tensor[array_read_0.tmp_0]
	shape: [4,1,]
	dtype: l
	LoD: [[ 0,2,4, ][ 0,2,2,3,4, ]]
	data: 8350,27210,27210,5107,
x_array's size: 4
offset: 3
1525339364	prev_scores: 	Tensor[array_read_1.tmp_0]
	shape: [4,1,]
	dtype: f
	LoD: [[ 0,2,4, ][ 0,2,2,3,4, ]]
	data: 3.33976e-05,3.34013e-05,3.34041e-05,3.3404e-05,
1525339364	prev_ids_embedding: 	Tensor[embedding_1.tmp_0]
	shape: [4,16,]
	dtype: f
	LoD: [[ 0,2,4, ][ 0,2,2,3,4, ]]
	data: 0.00977498,-0.00572329,-0.00537691,0.00334063,-0.00690905,-0.0109057,-0.000426225,0.0111305,-0.00480417,-0.00476005,0.00460029,0.00369128,0.0101803,-0.00666063,-0.00896256,0.00241583,0.00261442,0.00172835,0.0130513,-0.00528335,-0.00464081,-0.00808275,-7.3676e-05,0.00647448,-0.012881,-0.00132151,0.00168139,0.00840483,-0.00486478,0.0102868,0.0137564,0.0105173,0.00261442,0.00172835,0.0130513,-0.00528335,-0.00464081,-0.00808275,-7.3676e-05,0.00647448,-0.012881,-0.00132151,0.00168139,0.00840483,-0.00486478,0.0102868,0.0137564,0.0105173,-0.00711447,-0.00162543,0.00665025,-0.0116607,0.00227621,-0.00858263,-0.00952695,-0.0110069,0.00345933,0.0111476,0.00164907,0.00340765,0.00466144,-0.0137029,-0.00183839,-0.00841,
x_array's size: 4
offset: 3
1525339364	prev_state: 	Tensor[array_read_2.tmp_0]
	shape: [4,32,]
	dtype: f
	data: -0.00781107,0.00756042,0.00151881,0.011102,4.70455e-05,0.00679012,0.00496035,0.00772345,-0.00131485,0.00735006,0.0123422,-0.00159329,-0.00822119,0.0266173,-0.00293515,-0.0253505,-0.000222623,0.00905609,-0.0187663,-0.00895678,0.0093699,-0.014237,-0.00310173,0.0172238,0.0126522,-0.00130537,0.0150297,0.00591015,0.00618125,-0.0210429,-0.00323544,0.0195303,0.0136837,0.000776955,-0.0136822,-0.00983911,0.00137476,0.00350189,-0.00170192,0.00932843,-0.00634133,0.00825119,0.0160911,-0.0147653,0.0070962,0.0067003,-0.0145083,-0.00831199,0.00407687,0.0097236,0.00951699,-0.00593269,-0.0113054,-0.00967268,-0.0132489,-0.0138827,0.00813328,0.000777112,0.0151421,-0.0087874,0.00295446,-0.00347916,-0.00853369,-0.00909266,-0.00836123,0.0087554,0.00206205,0.0120144,0.000143356,0.0067642,0.00396188,0.00897538,-0.00184858,0.00905531,0.0118998,-0.0011326,-0.00806531,0.0274043,-0.00403551,-0.0245371,-0.00041706,0.00806588,-0.0196571,-0.00957417,0.0101952,-0.0133564,-0.00387012,0.0177026,0.0135212,-0.00131347,0.015875,0.00667828,0.00588936,-0.0223438,-0.00176285,0.0188274,0.00262682,0.01016,-0.0121924,-0.00343687,0.00341492,0.013396,-0.000363899,0.00456945,-0.0158001,-0.000399761,0.0237948,-0.00565278,0.015092,0.0152543,-0.0174156,-0.0187314,0.0130537,0.0131104,-0.000380151,-0.0045957,-0.00997184,-0.00717679,-0.0226804,-0.0169967,0.00296031,0.00619474,0.00503476,0.000208824,-0.0087694,-0.0199025,-0.00529211,0.00200255,
1525339364	prev_state_expanded: 	Tensor[sequence_expand_0.tmp_0]
	shape: [4,32,]
	dtype: f
	data: -0.00781107,0.00756042,0.00151881,0.011102,4.70455e-05,0.00679012,0.00496035,0.00772345,-0.00131485,0.00735006,0.0123422,-0.00159329,-0.00822119,0.0266173,-0.00293515,-0.0253505,-0.000222623,0.00905609,-0.0187663,-0.00895678,0.0093699,-0.014237,-0.00310173,0.0172238,0.0126522,-0.00130537,0.0150297,0.00591015,0.00618125,-0.0210429,-0.00323544,0.0195303,-0.00781107,0.00756042,0.00151881,0.011102,4.70455e-05,0.00679012,0.00496035,0.00772345,-0.00131485,0.00735006,0.0123422,-0.00159329,-0.00822119,0.0266173,-0.00293515,-0.0253505,-0.000222623,0.00905609,-0.0187663,-0.00895678,0.0093699,-0.014237,-0.00310173,0.0172238,0.0126522,-0.00130537,0.0150297,0.00591015,0.00618125,-0.0210429,-0.00323544,0.0195303,-0.00836123,0.0087554,0.00206205,0.0120144,0.000143356,0.0067642,0.00396188,0.00897538,-0.00184858,0.00905531,0.0118998,-0.0011326,-0.00806531,0.0274043,-0.00403551,-0.0245371,-0.00041706,0.00806588,-0.0196571,-0.00957417,0.0101952,-0.0133564,-0.00387012,0.0177026,0.0135212,-0.00131347,0.015875,0.00667828,0.00588936,-0.0223438,-0.00176285,0.0188274,0.00262682,0.01016,-0.0121924,-0.00343687,0.00341492,0.013396,-0.000363899,0.00456945,-0.0158001,-0.000399761,0.0237948,-0.00565278,0.015092,0.0152543,-0.0174156,-0.0187314,0.0130537,0.0131104,-0.000380151,-0.0045957,-0.00997184,-0.00717679,-0.0226804,-0.0169967,0.00296031,0.00619474,0.00503476,0.000208824,-0.0087694,-0.0199025,-0.00529211,0.00200255,
1525339364	current_state: 	Tensor[fc_1.tmp_3]
	shape: [4,32,]
	dtype: f
	data: 0.000723026,0.0010969,-0.01663,-0.0184639,-0.00917568,-0.0119545,0.00922063,0.00595573,0.00656108,-0.0173166,0.0124117,-0.000623152,-0.0328375,-0.0066533,0.00545953,0.00884951,-0.00403089,0.00277508,-0.00886974,-0.00482561,0.00283114,-0.0110793,0.00229022,-0.0172891,-0.0233847,-0.00469579,0.00757874,-0.00710858,0.0029551,0.000549387,-0.0254931,0.00437528,-0.0185788,-0.00687232,-0.0164829,-0.0247373,-0.00602541,-0.00926768,0.0132859,0.0206437,0.00613741,-0.0175617,-0.0042213,0.00490575,-0.0362797,0.010373,0.00749811,0.00468297,0.00174302,0.00606161,-0.00470683,0.00561947,-0.0126485,-0.0111656,0.00825446,-0.0146198,-0.0356967,-0.00173231,-0.000365572,-0.00190685,0.00510722,-0.00242446,-0.0281874,-0.00298778,-0.0188869,-0.00693253,-0.017044,-0.0254475,-0.00566693,-0.00884155,0.0129843,0.0193751,0.00611504,-0.0180069,-0.00502864,0.00584441,-0.0364062,0.0102612,0.00805395,0.00498369,0.000972892,0.0070775,-0.00371596,0.00675635,-0.0125643,-0.0117958,0.00925087,-0.0137723,-0.0361439,-0.00122825,-0.000748033,-0.00272134,0.00699887,-0.0015445,-0.0282695,-0.00209231,0.00955397,-0.000768761,0.00721795,-0.0158092,-0.0115222,-0.00729221,0.00335929,0.00457125,0.00161367,-0.0192282,-0.00451564,0.0040612,0.000251692,0.00807562,-0.00794191,-0.00966819,-0.0088119,-0.00650922,0.00783524,-0.009755,-0.00715828,0.00122677,-0.0178328,0.0113731,-0.014145,-0.0166492,0.0192246,0.0115849,0.0119011,0.0135623,-0.000323171,-0.000151993,
1525339364	current_state_with_lod: 	Tensor[lod_reset_0.tmp_0]
	shape: [4,32,]
	dtype: f
	LoD: [[ 0,2,4, ][ 0,2,2,3,4, ]]
	data: 0.000723026,0.0010969,-0.01663,-0.0184639,-0.00917568,-0.0119545,0.00922063,0.00595573,0.00656108,-0.0173166,0.0124117,-0.000623152,-0.0328375,-0.0066533,0.00545953,0.00884951,-0.00403089,0.00277508,-0.00886974,-0.00482561,0.00283114,-0.0110793,0.00229022,-0.0172891,-0.0233847,-0.00469579,0.00757874,-0.00710858,0.0029551,0.000549387,-0.0254931,0.00437528,-0.0185788,-0.00687232,-0.0164829,-0.0247373,-0.00602541,-0.00926768,0.0132859,0.0206437,0.00613741,-0.0175617,-0.0042213,0.00490575,-0.0362797,0.010373,0.00749811,0.00468297,0.00174302,0.00606161,-0.00470683,0.00561947,-0.0126485,-0.0111656,0.00825446,-0.0146198,-0.0356967,-0.00173231,-0.000365572,-0.00190685,0.00510722,-0.00242446,-0.0281874,-0.00298778,-0.0188869,-0.00693253,-0.017044,-0.0254475,-0.00566693,-0.00884155,0.0129843,0.0193751,0.00611504,-0.0180069,-0.00502864,0.00584441,-0.0364062,0.0102612,0.00805395,0.00498369,0.000972892,0.0070775,-0.00371596,0.00675635,-0.0125643,-0.0117958,0.00925087,-0.0137723,-0.0361439,-0.00122825,-0.000748033,-0.00272134,0.00699887,-0.0015445,-0.0282695,-0.00209231,0.00955397,-0.000768761,0.00721795,-0.0158092,-0.0115222,-0.00729221,0.00335929,0.00457125,0.00161367,-0.0192282,-0.00451564,0.0040612,0.000251692,0.00807562,-0.00794191,-0.00966819,-0.0088119,-0.00650922,0.00783524,-0.009755,-0.00715828,0.00122677,-0.0178328,0.0113731,-0.014145,-0.0166492,0.0192246,0.0115849,0.0119011,0.0135623,-0.000323171,-0.000151993,
1525339364	topk_scores: 	Tensor[top_k_0.tmp_0]
	shape: [4,50,]
	dtype: f
	LoD: [[ 0,2,4, ][ 0,2,2,3,4, ]]
	data: 3.34096e-05,3.34022e-05,3.33974e-05,3.33973e-05,3.33962e-05,3.3395e-05,3.33945e-05,3.3393e-05,3.33927e-05,3.33926e-05,3.33916e-05,3.33914e-05,3.33908e-05,3.33903e-05,3.33901e-05,3.33899e-05,3.33892e-05,3.33892e-05,3.33891e-05,3.33885e-05,3.33882e-05,3.33882e-05,3.33882e-05,3.33879e-05,3.33878e-05,3.33876e-05,3.33874e-05,3.33873e-05,3.33871e-05,3.3387e-05,3.33869e-05,3.33867e-05,3.33866e-05,3.33865e-05,3.33862e-05,3.33862e-05,3.3386e-05,3.3386e-05,3.33857e-05,3.33857e-05,3.33855e-05,3.33854e-05,3.33853e-05,3.33852e-05,3.33852e-05,3.33851e-05,3.33851e-05,3.3385e-05,3.33848e-05,3.33846e-05,3.34146e-05,3.34134e-05,3.34132e-05,3.34126e-05,3.34117e-05,3.34116e-05,3.34114e-05,3.34092e-05,3.34088e-05,3.34083e-05,3.34066e-05,3.3406e-05,3.3406e-05,3.34054e-05,3.34046e-05,3.34046e-05,3.34046e-05,3.34045e-05,3.34042e-05,3.3404e-05,3.34039e-05,3.34032e-05,3.34027e-05,3.34019e-05,3.34016e-05,3.34011e-05,3.3401e-05,3.34009e-05,3.34006e-05,3.34004e-05,3.34002e-05,3.34001e-05,3.34001e-05,3.34e-05,3.33995e-05,3.33991e-05,3.3399e-05,3.33988e-05,3.33986e-05,3.33986e-05,3.33984e-05,3.33983e-05,3.33983e-05,3.33982e-05,3.33981e-05,3.33979e-05,3.33978e-05,3.33975e-05,3.33974e-05,3.33971e-05,3.34174e-05,3.34145e-05,3.34141e-05,3.34135e-05,3.34116e-05,3.3411e-05,3.34105e-05,3.341e-05,3.341e-05,3.34086e-05,3.34082e-05,3.34076e-05,3.34065e-05,3.34064e-05,3.34061e-05,3.34059e-05,3.34056e-05,3.34054e-05,3.34046e-05,3.34045e-05,3.34043e-05,3.34042e-05,3.34029e-05,3.34029e-05,3.34025e-05,3.34025e-05,3.3402e-05,3.34019e-05,3.34013e-05,3.34013e-05,3.3401e-05,3.34009e-05,3.34004e-05,3.34004e-05,3.34004e-05,3.34003e-05,3.33998e-05,3.33998e-05,3.33997e-05,3.33991e-05,3.3399e-05,3.33987e-05,3.33986e-05,3.33985e-05,3.33984e-05,3.33984e-05,3.33984e-05,3.33982e-05,3.3398e-05,3.33976e-05,3.3392e-05,3.33916e-05,3.33908e-05,3.33906e-05,3.33889e-05,3.33887e-05,3.33886e-05,3.33885e-05,3.33878e-05,3.33876e-05,3.33871e-05,3.33863e-05,3.33859e-05,3.33855e-05,3.33854e-05,3.33845e-05,3.33844e-05,3.33843e-05,3.33843e-05,3.3384e-05,3.3384e-05,3.33839e-05,3.33837e-05,3.33836e-05,3.33835e-05,3.33834e-05,3.33829e-05,3.33824e-05,3.3382e-05,3.3382e-05,3.33819e-05,3.33818e-05,3.33817e-05,3.33815e-05,3.33813e-05,3.33812e-05,3.33811e-05,3.3381e-05,3.3381e-05,3.3381e-05,3.33809e-05,3.33808e-05,3.33808e-05,3.33808e-05,3.33808e-05,3.33806e-05,3.33806e-05,3.33805e-05,3.33804e-05,3.33803e-05,
1525339364	topk_indices: 	Tensor[top_k_0.tmp_1]
	shape: [4,50,]
	dtype: l
	LoD: [[ 0,2,4, ][ 0,2,2,3,4, ]]
	data: 20097,1781,13150,13957,29633,26610,15908,19088,25953,26509,13933,19889,25042,13002,27067,3330,12219,9200,16351,25883,10832,12709,2769,5196,29064,18057,18866,6417,3236,22498,20524,83,2654,17869,15602,29496,1618,10400,3638,24013,10485,22229,19066,2986,13101,1857,6467,27975,16203,29873,3330,17801,17806,29633,13150,24013,9036,13957,17267,1665,21711,27633,1275,2742,12034,24998,1781,22478,27201,13933,20097,22498,23186,29851,11790,28066,1857,2399,2769,19088,21530,18197,15908,12505,10065,20866,13002,23168,21678,13235,12178,23188,9880,10483,10048,24637,29057,12709,26557,1994,3330,17806,29633,17801,24013,13150,17267,9036,1665,13957,27633,21711,2742,22478,1275,27201,24998,20097,1781,22498,13933,12034,2399,29851,28066,23186,12505,11790,18197,1857,23168,2769,15908,10065,9880,10048,29057,13002,21678,21530,20866,19088,13235,23188,7812,12178,26557,11496,2704,3343,7486,25643,11031,1566,11247,12792,24728,26434,29057,3158,16019,26091,8083,7979,2818,26462,16940,23721,24946,20379,27781,3437,15602,24164,4484,6831,22565,19662,8282,6693,4787,12656,20783,20866,25257,28104,121,9265,2353,25181,216,9224,9069,26106,6789,9021,16754,19219,6677,27729,
1525339364	selected_ids: 	Tensor[beam_search_0.tmp_1]
	shape: [4,1,]
	dtype: l
	LoD: [[ 0,2,4, ][ 0,0,2,4,4, ]]
	data: 3330,17801,3330,17806,
1525339364	selected_scores: 	Tensor[beam_search_0.tmp_0]
	shape: [4,1,]
	dtype: f
	LoD: [[ 0,2,4, ][ 0,0,2,4,4, ]]
	data: 3.34146e-05,3.34134e-05,3.34174e-05,3.34145e-05,
x_array's size: 5
offset: 4
1525339364	prev_ids: 	Tensor[array_read_0.tmp_0]
	shape: [4,1,]
	dtype: l
	LoD: [[ 0,2,4, ][ 0,0,2,4,4, ]]
	data: 3330,17801,3330,17806,
x_array's size: 5
offset: 4
1525339364	prev_scores: 	Tensor[array_read_1.tmp_0]
	shape: [4,1,]
	dtype: f
	LoD: [[ 0,2,4, ][ 0,0,2,4,4, ]]
	data: 3.34146e-05,3.34134e-05,3.34174e-05,3.34145e-05,
1525339364	prev_ids_embedding: 	Tensor[embedding_1.tmp_0]
	shape: [4,16,]
	dtype: f
	LoD: [[ 0,2,4, ][ 0,0,2,4,4, ]]
	data: -0.012003,-0.00760606,-0.00721932,-0.00143119,-0.00492749,0.00881316,-0.00350401,0.00939657,-0.00513696,-0.0073711,-0.00439104,0.00246826,-0.0130198,-0.00149078,0.00290324,0.00309,0.00957462,-0.00671224,-0.0116434,-0.0104118,0.00443146,-0.00265122,0.00352009,0.00352338,-0.00725416,0.0134268,-0.00598641,-0.0101105,0.0131537,-0.0114006,0.00377606,0.00244173,-0.012003,-0.00760606,-0.00721932,-0.00143119,-0.00492749,0.00881316,-0.00350401,0.00939657,-0.00513696,-0.0073711,-0.00439104,0.00246826,-0.0130198,-0.00149078,0.00290324,0.00309,0.00472878,0.0131005,-0.00781172,-0.00935449,0.000476673,-0.00772118,0.00632084,0.00725268,0.000124383,0.00940855,0.00766255,-0.00905517,-0.000595576,0.00838939,0.0131437,0.0136004,
x_array's size: 5
offset: 4
1525339364	prev_state: 	Tensor[array_read_2.tmp_0]
	shape: [4,32,]
	dtype: f
	data: 0.000723026,0.0010969,-0.01663,-0.0184639,-0.00917568,-0.0119545,0.00922063,0.00595573,0.00656108,-0.0173166,0.0124117,-0.000623152,-0.0328375,-0.0066533,0.00545953,0.00884951,-0.00403089,0.00277508,-0.00886974,-0.00482561,0.00283114,-0.0110793,0.00229022,-0.0172891,-0.0233847,-0.00469579,0.00757874,-0.00710858,0.0029551,0.000549387,-0.0254931,0.00437528,-0.0185788,-0.00687232,-0.0164829,-0.0247373,-0.00602541,-0.00926768,0.0132859,0.0206437,0.00613741,-0.0175617,-0.0042213,0.00490575,-0.0362797,0.010373,0.00749811,0.00468297,0.00174302,0.00606161,-0.00470683,0.00561947,-0.0126485,-0.0111656,0.00825446,-0.0146198,-0.0356967,-0.00173231,-0.000365572,-0.00190685,0.00510722,-0.00242446,-0.0281874,-0.00298778,-0.0188869,-0.00693253,-0.017044,-0.0254475,-0.00566693,-0.00884155,0.0129843,0.0193751,0.00611504,-0.0180069,-0.00502864,0.00584441,-0.0364062,0.0102612,0.00805395,0.00498369,0.000972892,0.0070775,-0.00371596,0.00675635,-0.0125643,-0.0117958,0.00925087,-0.0137723,-0.0361439,-0.00122825,-0.000748033,-0.00272134,0.00699887,-0.0015445,-0.0282695,-0.00209231,0.00955397,-0.000768761,0.00721795,-0.0158092,-0.0115222,-0.00729221,0.00335929,0.00457125,0.00161367,-0.0192282,-0.00451564,0.0040612,0.000251692,0.00807562,-0.00794191,-0.00966819,-0.0088119,-0.00650922,0.00783524,-0.009755,-0.00715828,0.00122677,-0.0178328,0.0113731,-0.014145,-0.0166492,0.0192246,0.0115849,0.0119011,0.0135623,-0.000323171,-0.000151993,
1525339364	prev_state_expanded: 	Tensor[sequence_expand_0.tmp_0]
	shape: [4,32,]
	dtype: f
	data: -0.0185788,-0.00687232,-0.0164829,-0.0247373,-0.00602541,-0.00926768,0.0132859,0.0206437,0.00613741,-0.0175617,-0.0042213,0.00490575,-0.0362797,0.010373,0.00749811,0.00468297,0.00174302,0.00606161,-0.00470683,0.00561947,-0.0126485,-0.0111656,0.00825446,-0.0146198,-0.0356967,-0.00173231,-0.000365572,-0.00190685,0.00510722,-0.00242446,-0.0281874,-0.00298778,-0.0185788,-0.00687232,-0.0164829,-0.0247373,-0.00602541,-0.00926768,0.0132859,0.0206437,0.00613741,-0.0175617,-0.0042213,0.00490575,-0.0362797,0.010373,0.00749811,0.00468297,0.00174302,0.00606161,-0.00470683,0.00561947,-0.0126485,-0.0111656,0.00825446,-0.0146198,-0.0356967,-0.00173231,-0.000365572,-0.00190685,0.00510722,-0.00242446,-0.0281874,-0.00298778,-0.0188869,-0.00693253,-0.017044,-0.0254475,-0.00566693,-0.00884155,0.0129843,0.0193751,0.00611504,-0.0180069,-0.00502864,0.00584441,-0.0364062,0.0102612,0.00805395,0.00498369,0.000972892,0.0070775,-0.00371596,0.00675635,-0.0125643,-0.0117958,0.00925087,-0.0137723,-0.0361439,-0.00122825,-0.000748033,-0.00272134,0.00699887,-0.0015445,-0.0282695,-0.00209231,-0.0188869,-0.00693253,-0.017044,-0.0254475,-0.00566693,-0.00884155,0.0129843,0.0193751,0.00611504,-0.0180069,-0.00502864,0.00584441,-0.0364062,0.0102612,0.00805395,0.00498369,0.000972892,0.0070775,-0.00371596,0.00675635,-0.0125643,-0.0117958,0.00925087,-0.0137723,-0.0361439,-0.00122825,-0.000748033,-0.00272134,0.00699887,-0.0015445,-0.0282695,-0.00209231,
1525339364	current_state: 	Tensor[fc_1.tmp_3]
	shape: [4,32,]
	dtype: f
	data: -0.00608567,0.00219809,0.00530647,0.00564118,0.00790468,0.00708085,-0.0185445,0.0166543,0.00401504,0.0218608,0.0179622,-0.00892007,-0.0108101,0.0224791,-0.0133234,0.00340605,0.00411856,-0.00448708,-0.0322465,-0.0209328,-0.011794,0.0024171,0.0302881,-0.0252829,-0.00563983,0.00330223,-0.0245948,0.0211732,0.00276066,-0.0307309,0.00724826,-0.00485502,-0.00262017,0.00457548,0.00468756,0.00833634,0.00170169,0.00779318,-0.00628228,0.0105566,0.00836039,0.0191818,0.0244879,-0.00446496,-0.0134673,0.00906035,-0.0287267,0.000438048,-0.00625157,-0.00947788,-0.0335181,-0.00992348,0.00140366,-0.00767734,0.011092,-0.0287765,0.0100725,0.0150155,-0.007331,0.0162175,-0.00894443,-0.0279209,0.000354934,-0.0109167,-0.00567719,0.00139268,0.00657908,0.00721052,0.00748998,0.00729329,-0.0173361,0.0170862,0.00467862,0.0219247,0.018628,-0.00997763,-0.0108827,0.0228415,-0.012873,0.00269528,0.00531401,-0.00381778,-0.0322574,-0.022369,-0.0104764,0.00241498,0.0297948,-0.0253723,-0.00494847,0.00408874,-0.0254115,0.0205781,0.00152366,-0.0320443,0.00748441,-0.0046313,-0.0129211,3.20971e-05,0.000483754,0.00605904,-0.000277483,0.0144439,0.00197461,0.012927,0.000759067,0.0201588,0.0115384,0.00118594,-0.0151548,0.0340636,-0.0266611,-0.00220662,-0.00235502,-0.00220346,-0.0238439,-0.0109164,-0.0142207,-0.0137145,0.0228319,-0.0228053,0.00899795,0.00834666,-0.00232859,0.0193474,-0.00185726,-0.0319851,0.00478419,-0.0202589,
1525339364	current_state_with_lod: 	Tensor[lod_reset_0.tmp_0]
	shape: [4,32,]
	dtype: f
	LoD: [[ 0,2,4, ][ 0,0,2,4,4, ]]
	data: -0.00608567,0.00219809,0.00530647,0.00564118,0.00790468,0.00708085,-0.0185445,0.0166543,0.00401504,0.0218608,0.0179622,-0.00892007,-0.0108101,0.0224791,-0.0133234,0.00340605,0.00411856,-0.00448708,-0.0322465,-0.0209328,-0.011794,0.0024171,0.0302881,-0.0252829,-0.00563983,0.00330223,-0.0245948,0.0211732,0.00276066,-0.0307309,0.00724826,-0.00485502,-0.00262017,0.00457548,0.00468756,0.00833634,0.00170169,0.00779318,-0.00628228,0.0105566,0.00836039,0.0191818,0.0244879,-0.00446496,-0.0134673,0.00906035,-0.0287267,0.000438048,-0.00625157,-0.00947788,-0.0335181,-0.00992348,0.00140366,-0.00767734,0.011092,-0.0287765,0.0100725,0.0150155,-0.007331,0.0162175,-0.00894443,-0.0279209,0.000354934,-0.0109167,-0.00567719,0.00139268,0.00657908,0.00721052,0.00748998,0.00729329,-0.0173361,0.0170862,0.00467862,0.0219247,0.018628,-0.00997763,-0.0108827,0.0228415,-0.012873,0.00269528,0.00531401,-0.00381778,-0.0322574,-0.022369,-0.0104764,0.00241498,0.0297948,-0.0253723,-0.00494847,0.00408874,-0.0254115,0.0205781,0.00152366,-0.0320443,0.00748441,-0.0046313,-0.0129211,3.20971e-05,0.000483754,0.00605904,-0.000277483,0.0144439,0.00197461,0.012927,0.000759067,0.0201588,0.0115384,0.00118594,-0.0151548,0.0340636,-0.0266611,-0.00220662,-0.00235502,-0.00220346,-0.0238439,-0.0109164,-0.0142207,-0.0137145,0.0228319,-0.0228053,0.00899795,0.00834666,-0.00232859,0.0193474,-0.00185726,-0.0319851,0.00478419,-0.0202589,
1525339364	topk_scores: 	Tensor[top_k_0.tmp_0]
	shape: [4,50,]
	dtype: f
	LoD: [[ 0,2,4, ][ 0,0,2,4,4, ]]
	data: 3.34251e-05,3.34207e-05,3.34198e-05,3.34153e-05,3.34151e-05,3.34143e-05,3.3414e-05,3.34138e-05,3.34136e-05,3.34112e-05,3.34111e-05,3.34107e-05,3.34106e-05,3.34106e-05,3.34105e-05,3.34097e-05,3.34092e-05,3.34088e-05,3.34081e-05,3.34078e-05,3.34077e-05,3.34077e-05,3.34074e-05,3.34073e-05,3.34069e-05,3.34068e-05,3.34067e-05,3.34062e-05,3.3406e-05,3.34058e-05,3.34058e-05,3.34057e-05,3.34057e-05,3.34053e-05,3.34052e-05,3.34049e-05,3.34046e-05,3.34046e-05,3.34042e-05,3.34041e-05,3.34038e-05,3.34038e-05,3.34037e-05,3.34037e-05,3.34035e-05,3.34035e-05,3.34034e-05,3.34034e-05,3.34032e-05,3.34031e-05,3.34218e-05,3.34158e-05,3.34138e-05,3.34127e-05,3.34092e-05,3.3409e-05,3.34089e-05,3.34066e-05,3.34062e-05,3.34061e-05,3.34059e-05,3.34048e-05,3.34046e-05,3.34039e-05,3.34038e-05,3.34028e-05,3.34026e-05,3.34024e-05,3.34023e-05,3.34019e-05,3.34015e-05,3.34011e-05,3.3401e-05,3.34008e-05,3.34008e-05,3.34003e-05,3.33994e-05,3.33989e-05,3.33989e-05,3.33988e-05,3.33979e-05,3.33979e-05,3.33978e-05,3.33977e-05,3.33976e-05,3.33975e-05,3.33972e-05,3.3397e-05,3.33968e-05,3.33968e-05,3.33967e-05,3.33964e-05,3.33964e-05,3.33957e-05,3.33957e-05,3.33956e-05,3.33956e-05,3.33956e-05,3.33955e-05,3.33953e-05,3.34264e-05,3.34234e-05,3.3419e-05,3.34166e-05,3.34161e-05,3.34155e-05,3.34141e-05,3.34134e-05,3.3413e-05,3.34129e-05,3.34124e-05,3.34119e-05,3.34114e-05,3.3411e-05,3.34108e-05,3.34106e-05,3.34103e-05,3.34098e-05,3.34096e-05,3.34088e-05,3.34086e-05,3.34085e-05,3.34085e-05,3.34084e-05,3.34082e-05,3.34077e-05,3.34077e-05,3.34074e-05,3.34073e-05,3.34072e-05,3.34068e-05,3.34066e-05,3.34061e-05,3.34057e-05,3.34056e-05,3.34055e-05,3.34055e-05,3.34054e-05,3.34053e-05,3.34052e-05,3.3405e-05,3.34049e-05,3.34049e-05,3.34048e-05,3.34046e-05,3.34046e-05,3.34045e-05,3.34044e-05,3.34043e-05,3.34043e-05,3.3424e-05,3.34158e-05,3.34139e-05,3.34128e-05,3.34113e-05,3.341e-05,3.34098e-05,3.34098e-05,3.34097e-05,3.34097e-05,3.34093e-05,3.34081e-05,3.34078e-05,3.34075e-05,3.34065e-05,3.34064e-05,3.34061e-05,3.3406e-05,3.34054e-05,3.34053e-05,3.34052e-05,3.34051e-05,3.34051e-05,3.34049e-05,3.34037e-05,3.34035e-05,3.34033e-05,3.34033e-05,3.34031e-05,3.34029e-05,3.34029e-05,3.34029e-05,3.34027e-05,3.34027e-05,3.34027e-05,3.34024e-05,3.34024e-05,3.34023e-05,3.34022e-05,3.34021e-05,3.34021e-05,3.34021e-05,3.34019e-05,3.34016e-05,3.34015e-05,3.34013e-05,3.34013e-05,3.34013e-05,3.34012e-05,3.34011e-05,
1525339364	topk_indices: 	Tensor[top_k_0.tmp_1]
	shape: [4,50,]
	dtype: l
	LoD: [[ 0,2,4, ][ 0,0,2,4,4, ]]
	data: 2542,20031,29770,4420,21905,25854,23109,10280,28009,8583,9743,13657,2425,20918,15957,1077,21020,24103,4608,25476,10343,22188,23495,15946,7354,25366,27342,12979,13468,12942,18065,17499,18520,21551,16628,11410,21112,26487,16350,8842,29607,5802,24659,22018,21687,10463,19641,984,13253,10354,12942,15946,10280,10933,23369,13657,22013,28143,2636,13468,2425,16957,10354,2178,18520,23038,16410,2542,24103,6991,1578,28332,19292,8270,25547,26487,7354,16628,17499,2700,16350,28009,19514,5510,19760,26452,9780,20454,4608,27480,29866,19388,25854,18927,9983,2823,19376,524,21491,21551,2542,20031,29770,10280,25854,4420,21905,2425,28009,23109,8583,13657,21020,20918,9743,15957,1077,15946,10343,13468,25476,24103,22188,4608,23495,12942,7354,17499,27342,21551,18065,18520,25366,10354,11410,22018,16350,12979,5802,8842,26487,11312,29607,16628,10463,21687,21112,2178,10933,20070,12942,10933,6301,24103,9983,2542,13657,14135,4608,28332,19191,20070,18520,23495,7354,14860,27342,15946,8325,2664,1077,4968,25476,13805,2230,20031,7892,3130,16628,20058,25366,2425,21602,10421,5026,7644,24281,1578,23038,28009,21687,16350,12325,1192,18478,29516,10061,13535,10354,1524,
1525339364	selected_ids: 	Tensor[beam_search_0.tmp_1]
	shape: [4,1,]
	dtype: l
	LoD: [[ 0,2,4, ][ 0,1,2,3,4, ]]
	data: 2542,12942,2542,12942,
1525339364	selected_scores: 	Tensor[beam_search_0.tmp_0]
	shape: [4,1,]
	dtype: f
	LoD: [[ 0,2,4, ][ 0,1,2,3,4, ]]
	data: 3.34251e-05,3.34218e-05,3.34264e-05,3.3424e-05,
x_array's size: 6
offset: 5
1525339364	prev_ids: 	Tensor[array_read_0.tmp_0]
	shape: [4,1,]
	dtype: l
	LoD: [[ 0,2,4, ][ 0,1,2,3,4, ]]
	data: 2542,12942,2542,12942,
x_array's size: 6
offset: 5
1525339364	prev_scores: 	Tensor[array_read_1.tmp_0]
	shape: [4,1,]
	dtype: f
	LoD: [[ 0,2,4, ][ 0,1,2,3,4, ]]
	data: 3.34251e-05,3.34218e-05,3.34264e-05,3.3424e-05,
1525339364	prev_ids_embedding: 	Tensor[embedding_1.tmp_0]
	shape: [4,16,]
	dtype: f
	LoD: [[ 0,2,4, ][ 0,1,2,3,4, ]]
	data: 0.0137472,-0.00656323,-0.00121373,0.00151553,0.00427337,0.00108295,-0.00839294,0.0134318,0.00977173,0.00680724,-0.0113683,0.0094775,-0.000978029,0.0116901,0.000499774,0.00453085,-0.0114623,-0.00476492,-0.00431685,-0.00745092,-0.0117255,0.012393,-0.00117663,0.0110105,-0.000631802,0.0129145,0.00587178,-0.00924569,-0.00707816,-0.00209792,-0.00963532,-0.0107514,0.0137472,-0.00656323,-0.00121373,0.00151553,0.00427337,0.00108295,-0.00839294,0.0134318,0.00977173,0.00680724,-0.0113683,0.0094775,-0.000978029,0.0116901,0.000499774,0.00453085,-0.0114623,-0.00476492,-0.00431685,-0.00745092,-0.0117255,0.012393,-0.00117663,0.0110105,-0.000631802,0.0129145,0.00587178,-0.00924569,-0.00707816,-0.00209792,-0.00963532,-0.0107514,
x_array's size: 6
offset: 5
1525339364	prev_state: 	Tensor[array_read_2.tmp_0]
	shape: [4,32,]
	dtype: f
	data: -0.00608567,0.00219809,0.00530647,0.00564118,0.00790468,0.00708085,-0.0185445,0.0166543,0.00401504,0.0218608,0.0179622,-0.00892007,-0.0108101,0.0224791,-0.0133234,0.00340605,0.00411856,-0.00448708,-0.0322465,-0.0209328,-0.011794,0.0024171,0.0302881,-0.0252829,-0.00563983,0.00330223,-0.0245948,0.0211732,0.00276066,-0.0307309,0.00724826,-0.00485502,-0.00262017,0.00457548,0.00468756,0.00833634,0.00170169,0.00779318,-0.00628228,0.0105566,0.00836039,0.0191818,0.0244879,-0.00446496,-0.0134673,0.00906035,-0.0287267,0.000438048,-0.00625157,-0.00947788,-0.0335181,-0.00992348,0.00140366,-0.00767734,0.011092,-0.0287765,0.0100725,0.0150155,-0.007331,0.0162175,-0.00894443,-0.0279209,0.000354934,-0.0109167,-0.00567719,0.00139268,0.00657908,0.00721052,0.00748998,0.00729329,-0.0173361,0.0170862,0.00467862,0.0219247,0.018628,-0.00997763,-0.0108827,0.0228415,-0.012873,0.00269528,0.00531401,-0.00381778,-0.0322574,-0.022369,-0.0104764,0.00241498,0.0297948,-0.0253723,-0.00494847,0.00408874,-0.0254115,0.0205781,0.00152366,-0.0320443,0.00748441,-0.0046313,-0.0129211,3.20971e-05,0.000483754,0.00605904,-0.000277483,0.0144439,0.00197461,0.012927,0.000759067,0.0201588,0.0115384,0.00118594,-0.0151548,0.0340636,-0.0266611,-0.00220662,-0.00235502,-0.00220346,-0.0238439,-0.0109164,-0.0142207,-0.0137145,0.0228319,-0.0228053,0.00899795,0.00834666,-0.00232859,0.0193474,-0.00185726,-0.0319851,0.00478419,-0.0202589,
1525339364	prev_state_expanded: 	Tensor[sequence_expand_0.tmp_0]
	shape: [4,32,]
	dtype: f
	data: -0.00608567,0.00219809,0.00530647,0.00564118,0.00790468,0.00708085,-0.0185445,0.0166543,0.00401504,0.0218608,0.0179622,-0.00892007,-0.0108101,0.0224791,-0.0133234,0.00340605,0.00411856,-0.00448708,-0.0322465,-0.0209328,-0.011794,0.0024171,0.0302881,-0.0252829,-0.00563983,0.00330223,-0.0245948,0.0211732,0.00276066,-0.0307309,0.00724826,-0.00485502,-0.00262017,0.00457548,0.00468756,0.00833634,0.00170169,0.00779318,-0.00628228,0.0105566,0.00836039,0.0191818,0.0244879,-0.00446496,-0.0134673,0.00906035,-0.0287267,0.000438048,-0.00625157,-0.00947788,-0.0335181,-0.00992348,0.00140366,-0.00767734,0.011092,-0.0287765,0.0100725,0.0150155,-0.007331,0.0162175,-0.00894443,-0.0279209,0.000354934,-0.0109167,-0.00567719,0.00139268,0.00657908,0.00721052,0.00748998,0.00729329,-0.0173361,0.0170862,0.00467862,0.0219247,0.018628,-0.00997763,-0.0108827,0.0228415,-0.012873,0.00269528,0.00531401,-0.00381778,-0.0322574,-0.022369,-0.0104764,0.00241498,0.0297948,-0.0253723,-0.00494847,0.00408874,-0.0254115,0.0205781,0.00152366,-0.0320443,0.00748441,-0.0046313,-0.0129211,3.20971e-05,0.000483754,0.00605904,-0.000277483,0.0144439,0.00197461,0.012927,0.000759067,0.0201588,0.0115384,0.00118594,-0.0151548,0.0340636,-0.0266611,-0.00220662,-0.00235502,-0.00220346,-0.0238439,-0.0109164,-0.0142207,-0.0137145,0.0228319,-0.0228053,0.00899795,0.00834666,-0.00232859,0.0193474,-0.00185726,-0.0319851,0.00478419,-0.0202589,
1525339364	current_state: 	Tensor[fc_1.tmp_3]
	shape: [4,32,]
	dtype: f
	data: -0.0132055,-0.00623788,-0.0154124,-0.0237657,0.00545978,-0.0120453,-0.0186406,-0.0166277,-0.0312695,-0.0119674,0.0127121,0.00728174,-0.00761882,0.0121506,-0.0268444,-0.0139509,-0.000396527,-0.0148656,0.00545755,-7.3896e-05,-0.0288695,-0.0128226,-0.00704836,-0.0020668,-0.0291029,0.0149031,0.0127182,0.00823625,0.00992069,-0.0108144,0.00964121,0.00438347,-0.00528713,-0.00439893,-0.0057504,-0.00698373,0.0160789,-0.00113865,-0.0336381,-0.00526352,-0.0344169,-0.0262143,-0.0157319,0.0074827,0.000396647,0.0110656,-0.0214163,-0.0164969,-0.0180929,-0.00790948,-0.0051887,0.000959742,-0.0189327,-0.0148523,0.00499464,0.0080622,-0.021519,0.00422925,0.00401642,0.00855075,0.0198649,0.00768489,-0.00834935,0.00350294,-0.0141778,-0.00688592,-0.0159479,-0.0239608,0.0050853,-0.0128662,-0.0191261,-0.0165728,-0.0317727,-0.0128966,0.0111769,0.0078302,-0.00759307,0.011091,-0.0260919,-0.0133977,3.25181e-05,-0.0149831,0.00506625,0.000558566,-0.0297625,-0.0144169,-0.00765859,-0.00224362,-0.0300634,0.0141385,0.0131987,0.00856438,0.00860095,-0.00967717,0.00880216,0.00430058,-0.00734149,-0.00303427,-0.00111271,-0.0073126,0.0185573,0.00715632,-0.0402249,-0.00736218,-0.0356189,-0.026522,-0.0160382,0.00596201,-0.00632866,0.014815,-0.014589,-0.0138522,-0.0185492,-0.000443936,-0.00394394,-0.0111832,-0.0190835,-0.0123418,0.00592511,0.00536145,-0.0378125,-0.00309935,0.0133677,0.00667751,0.0229163,-0.00181175,-9.63833e-05,-0.00573074,
1525339364	current_state_with_lod: 	Tensor[lod_reset_0.tmp_0]
	shape: [4,32,]
	dtype: f
	LoD: [[ 0,2,4, ][ 0,1,2,3,4, ]]
	data: -0.0132055,-0.00623788,-0.0154124,-0.0237657,0.00545978,-0.0120453,-0.0186406,-0.0166277,-0.0312695,-0.0119674,0.0127121,0.00728174,-0.00761882,0.0121506,-0.0268444,-0.0139509,-0.000396527,-0.0148656,0.00545755,-7.3896e-05,-0.0288695,-0.0128226,-0.00704836,-0.0020668,-0.0291029,0.0149031,0.0127182,0.00823625,0.00992069,-0.0108144,0.00964121,0.00438347,-0.00528713,-0.00439893,-0.0057504,-0.00698373,0.0160789,-0.00113865,-0.0336381,-0.00526352,-0.0344169,-0.0262143,-0.0157319,0.0074827,0.000396647,0.0110656,-0.0214163,-0.0164969,-0.0180929,-0.00790948,-0.0051887,0.000959742,-0.0189327,-0.0148523,0.00499464,0.0080622,-0.021519,0.00422925,0.00401642,0.00855075,0.0198649,0.00768489,-0.00834935,0.00350294,-0.0141778,-0.00688592,-0.0159479,-0.0239608,0.0050853,-0.0128662,-0.0191261,-0.0165728,-0.0317727,-0.0128966,0.0111769,0.0078302,-0.00759307,0.011091,-0.0260919,-0.0133977,3.25181e-05,-0.0149831,0.00506625,0.000558566,-0.0297625,-0.0144169,-0.00765859,-0.00224362,-0.0300634,0.0141385,0.0131987,0.00856438,0.00860095,-0.00967717,0.00880216,0.00430058,-0.00734149,-0.00303427,-0.00111271,-0.0073126,0.0185573,0.00715632,-0.0402249,-0.00736218,-0.0356189,-0.026522,-0.0160382,0.00596201,-0.00632866,0.014815,-0.014589,-0.0138522,-0.0185492,-0.000443936,-0.00394394,-0.0111832,-0.0190835,-0.0123418,0.00592511,0.00536145,-0.0378125,-0.00309935,0.0133677,0.00667751,0.0229163,-0.00181175,-9.63833e-05,-0.00573074,
1525339364	topk_scores: 	Tensor[top_k_0.tmp_0]
	shape: [4,50,]
	dtype: f
	LoD: [[ 0,2,4, ][ 0,1,2,3,4, ]]
	data: 3.34345e-05,3.3419e-05,3.34174e-05,3.34162e-05,3.34121e-05,3.34113e-05,3.34106e-05,3.34105e-05,3.34101e-05,3.34094e-05,3.34094e-05,3.34087e-05,3.34085e-05,3.34081e-05,3.34079e-05,3.34079e-05,3.34075e-05,3.34073e-05,3.34073e-05,3.34073e-05,3.34067e-05,3.34064e-05,3.34063e-05,3.34058e-05,3.34052e-05,3.34052e-05,3.34052e-05,3.34046e-05,3.34041e-05,3.34039e-05,3.34031e-05,3.34031e-05,3.34029e-05,3.34029e-05,3.34024e-05,3.34024e-05,3.34023e-05,3.34022e-05,3.34014e-05,3.34014e-05,3.34013e-05,3.3401e-05,3.3401e-05,3.3401e-05,3.3401e-05,3.34007e-05,3.34006e-05,3.34003e-05,3.34003e-05,3.33999e-05,3.34187e-05,3.34158e-05,3.3414e-05,3.34131e-05,3.34111e-05,3.34105e-05,3.34078e-05,3.34068e-05,3.34063e-05,3.34062e-05,3.34051e-05,3.34049e-05,3.34048e-05,3.34048e-05,3.34041e-05,3.34041e-05,3.34028e-05,3.34025e-05,3.34025e-05,3.34018e-05,3.34016e-05,3.34016e-05,3.34015e-05,3.3401e-05,3.34009e-05,3.34009e-05,3.34009e-05,3.34007e-05,3.34006e-05,3.34005e-05,3.34003e-05,3.33995e-05,3.33994e-05,3.3399e-05,3.33988e-05,3.33988e-05,3.33986e-05,3.33986e-05,3.33983e-05,3.33983e-05,3.33982e-05,3.33982e-05,3.33979e-05,3.33978e-05,3.33974e-05,3.33974e-05,3.33973e-05,3.33971e-05,3.33971e-05,3.33968e-05,3.34357e-05,3.34195e-05,3.34179e-05,3.34167e-05,3.34134e-05,3.34117e-05,3.34109e-05,3.34107e-05,3.34106e-05,3.34102e-05,3.34095e-05,3.34088e-05,3.34086e-05,3.34086e-05,3.34086e-05,3.34084e-05,3.34083e-05,3.34082e-05,3.34081e-05,3.34078e-05,3.34077e-05,3.3407e-05,3.34067e-05,3.34056e-05,3.34054e-05,3.34054e-05,3.34051e-05,3.3405e-05,3.34049e-05,3.34049e-05,3.34041e-05,3.34041e-05,3.34039e-05,3.34037e-05,3.34027e-05,3.34026e-05,3.34022e-05,3.34019e-05,3.34015e-05,3.34014e-05,3.3401e-05,3.34008e-05,3.34008e-05,3.34008e-05,3.34008e-05,3.34006e-05,3.34006e-05,3.34005e-05,3.34004e-05,3.34004e-05,3.34231e-05,3.34205e-05,3.34181e-05,3.34174e-05,3.34166e-05,3.34163e-05,3.3416e-05,3.34156e-05,3.34147e-05,3.34145e-05,3.34143e-05,3.34139e-05,3.34132e-05,3.3413e-05,3.3413e-05,3.34126e-05,3.34121e-05,3.34119e-05,3.34118e-05,3.34118e-05,3.34117e-05,3.34113e-05,3.34102e-05,3.34101e-05,3.34098e-05,3.34097e-05,3.34095e-05,3.34094e-05,3.34093e-05,3.34092e-05,3.34088e-05,3.34083e-05,3.3408e-05,3.34079e-05,3.34079e-05,3.34075e-05,3.34075e-05,3.34071e-05,3.34071e-05,3.34069e-05,3.34069e-05,3.34067e-05,3.34067e-05,3.34066e-05,3.34066e-05,3.34065e-05,3.34064e-05,3.34063e-05,3.34062e-05,3.34059e-05,
1525339364	topk_indices: 	Tensor[top_k_0.tmp_1]
	shape: [4,50,]
	dtype: l
	LoD: [[ 0,2,4, ][ 0,1,2,3,4, ]]
	data: 16681,10733,15041,12151,19152,18018,27629,23670,28040,6659,21294,1491,27607,22909,15171,1436,2998,9219,28941,6090,7148,27739,2899,23414,28899,5492,15172,1963,25971,4235,12822,950,10761,17435,24813,20781,4013,21890,17407,28702,25261,14498,4899,26063,14609,16,18432,2687,16712,12202,6659,10733,13123,18889,2336,9219,17907,594,16183,4962,22752,7239,16866,28702,20062,12822,1491,27160,3488,10443,20807,11539,16681,2955,11072,10761,16021,5851,4447,261,18755,11534,14394,17031,27787,7704,13261,9520,25256,13158,7751,20012,7706,28104,8190,26557,26713,8927,4235,26296,16681,10733,15041,12151,19152,18018,6659,23670,28040,27629,1491,21294,9219,27739,2899,6090,27607,22909,28941,1436,15171,2998,7148,28899,12822,5492,25971,1963,4235,23414,15172,17435,10761,950,28702,4013,24813,16,14609,25261,26063,20192,20781,17407,4899,12202,21890,16712,4285,14498,6659,23706,10733,28702,11405,2336,9219,24544,22752,10443,13123,22478,17767,21294,18592,18979,11072,4962,27346,27160,134,20840,12822,20012,20062,17907,26296,12000,1278,24246,2955,24589,11912,4582,5851,10155,18889,7405,3488,8190,26713,20556,10761,25511,16681,11539,11534,27082,13158,22177,
1525339364	selected_ids: 	Tensor[beam_search_0.tmp_1]
	shape: [4,1,]
	dtype: l
	LoD: [[ 0,2,4, ][ 0,2,2,3,4, ]]
	data: 10733,16681,16681,6659,
1525339364	selected_scores: 	Tensor[beam_search_0.tmp_0]
	shape: [4,1,]
	dtype: f
	LoD: [[ 0,2,4, ][ 0,2,2,3,4, ]]
	data: 3.3419e-05,3.34345e-05,3.34357e-05,3.34231e-05,
x_array's size: 7
offset: 6
1525339364	prev_ids: 	Tensor[array_read_0.tmp_0]
	shape: [4,1,]
	dtype: l
	LoD: [[ 0,2,4, ][ 0,2,2,3,4, ]]
	data: 10733,16681,16681,6659,
x_array's size: 7
offset: 6
1525339364	prev_scores: 	Tensor[array_read_1.tmp_0]
	shape: [4,1,]
	dtype: f
	LoD: [[ 0,2,4, ][ 0,2,2,3,4, ]]
	data: 3.3419e-05,3.34345e-05,3.34357e-05,3.34231e-05,
1525339364	prev_ids_embedding: 	Tensor[embedding_1.tmp_0]
	shape: [4,16,]
	dtype: f
	LoD: [[ 0,2,4, ][ 0,2,2,3,4, ]]
	data: 0.00933539,0.010862,-0.0136255,-0.00176421,0.00937488,-0.00611985,-0.0042146,0.00807097,-0.00313522,-0.00324579,0.00369773,0.0101767,0.0141061,0.0112552,-0.0097606,-0.00705852,0.00797264,0.000821931,0.00318037,0.00524132,0.0116865,-0.00151672,-0.00535317,-0.0100559,-0.00991588,-0.00926237,0.00766721,-0.0102022,-0.000871508,0.00718884,0.000509988,-0.0114509,0.00797264,0.000821931,0.00318037,0.00524132,0.0116865,-0.00151672,-0.00535317,-0.0100559,-0.00991588,-0.00926237,0.00766721,-0.0102022,-0.000871508,0.00718884,0.000509988,-0.0114509,-0.010525,-0.00458292,-0.013254,0.00579015,0.00931636,-0.00329838,0.0100387,0.000272545,0.00737601,-0.0130649,-0.000595582,0.00809256,-0.00693715,-0.00991645,-0.00826698,-0.0139018,
x_array's size: 7
offset: 6
1525339364	prev_state: 	Tensor[array_read_2.tmp_0]
	shape: [4,32,]
	dtype: f
	data: -0.0132055,-0.00623788,-0.0154124,-0.0237657,0.00545978,-0.0120453,-0.0186406,-0.0166277,-0.0312695,-0.0119674,0.0127121,0.00728174,-0.00761882,0.0121506,-0.0268444,-0.0139509,-0.000396527,-0.0148656,0.00545755,-7.3896e-05,-0.0288695,-0.0128226,-0.00704836,-0.0020668,-0.0291029,0.0149031,0.0127182,0.00823625,0.00992069,-0.0108144,0.00964121,0.00438347,-0.00528713,-0.00439893,-0.0057504,-0.00698373,0.0160789,-0.00113865,-0.0336381,-0.00526352,-0.0344169,-0.0262143,-0.0157319,0.0074827,0.000396647,0.0110656,-0.0214163,-0.0164969,-0.0180929,-0.00790948,-0.0051887,0.000959742,-0.0189327,-0.0148523,0.00499464,0.0080622,-0.021519,0.00422925,0.00401642,0.00855075,0.0198649,0.00768489,-0.00834935,0.00350294,-0.0141778,-0.00688592,-0.0159479,-0.0239608,0.0050853,-0.0128662,-0.0191261,-0.0165728,-0.0317727,-0.0128966,0.0111769,0.0078302,-0.00759307,0.011091,-0.0260919,-0.0133977,3.25181e-05,-0.0149831,0.00506625,0.000558566,-0.0297625,-0.0144169,-0.00765859,-0.00224362,-0.0300634,0.0141385,0.0131987,0.00856438,0.00860095,-0.00967717,0.00880216,0.00430058,-0.00734149,-0.00303427,-0.00111271,-0.0073126,0.0185573,0.00715632,-0.0402249,-0.00736218,-0.0356189,-0.026522,-0.0160382,0.00596201,-0.00632866,0.014815,-0.014589,-0.0138522,-0.0185492,-0.000443936,-0.00394394,-0.0111832,-0.0190835,-0.0123418,0.00592511,0.00536145,-0.0378125,-0.00309935,0.0133677,0.00667751,0.0229163,-0.00181175,-9.63833e-05,-0.00573074,
1525339364	prev_state_expanded: 	Tensor[sequence_expand_0.tmp_0]
	shape: [4,32,]
	dtype: f
	data: -0.0132055,-0.00623788,-0.0154124,-0.0237657,0.00545978,-0.0120453,-0.0186406,-0.0166277,-0.0312695,-0.0119674,0.0127121,0.00728174,-0.00761882,0.0121506,-0.0268444,-0.0139509,-0.000396527,-0.0148656,0.00545755,-7.3896e-05,-0.0288695,-0.0128226,-0.00704836,-0.0020668,-0.0291029,0.0149031,0.0127182,0.00823625,0.00992069,-0.0108144,0.00964121,0.00438347,-0.0132055,-0.00623788,-0.0154124,-0.0237657,0.00545978,-0.0120453,-0.0186406,-0.0166277,-0.0312695,-0.0119674,0.0127121,0.00728174,-0.00761882,0.0121506,-0.0268444,-0.0139509,-0.000396527,-0.0148656,0.00545755,-7.3896e-05,-0.0288695,-0.0128226,-0.00704836,-0.0020668,-0.0291029,0.0149031,0.0127182,0.00823625,0.00992069,-0.0108144,0.00964121,0.00438347,-0.0141778,-0.00688592,-0.0159479,-0.0239608,0.0050853,-0.0128662,-0.0191261,-0.0165728,-0.0317727,-0.0128966,0.0111769,0.0078302,-0.00759307,0.011091,-0.0260919,-0.0133977,3.25181e-05,-0.0149831,0.00506625,0.000558566,-0.0297625,-0.0144169,-0.00765859,-0.00224362,-0.0300634,0.0141385,0.0131987,0.00856438,0.00860095,-0.00967717,0.00880216,0.00430058,-0.00734149,-0.00303427,-0.00111271,-0.0073126,0.0185573,0.00715632,-0.0402249,-0.00736218,-0.0356189,-0.026522,-0.0160382,0.00596201,-0.00632866,0.014815,-0.014589,-0.0138522,-0.0185492,-0.000443936,-0.00394394,-0.0111832,-0.0190835,-0.0123418,0.00592511,0.00536145,-0.0378125,-0.00309935,0.0133677,0.00667751,0.0229163,-0.00181175,-9.63833e-05,-0.00573074,
1525339364	current_state: 	Tensor[fc_1.tmp_3]
	shape: [4,32,]
	dtype: f
	data: 0.00974431,-0.0139231,-0.00123828,-0.00260895,-0.0139188,0.00983625,0.0191695,-0.0112287,0.0138644,-0.00381398,0.0104407,0.00983855,-0.0160065,0.00581149,-0.013534,-0.00269881,-0.0210866,-0.00464123,0.0296071,-0.0280103,-0.00775398,0.0117473,-0.00275663,0.0236754,0.00363065,0.0131064,0.0332834,-0.00347533,0.0204875,-0.0258706,0.00792046,-0.000125159,0.0100904,-0.013333,0.00112659,0.000428735,-0.00339041,0.00670067,0.0200117,-0.00769146,0.0202164,-0.00802632,-0.00261211,0.012915,-0.0214904,-0.00863158,-0.00654445,0.000981943,-0.0181459,-0.00560488,0.0299853,-0.00981178,-0.00345788,0.00846113,-0.00276221,0.0226689,-0.00205231,-0.00126465,0.0355825,-0.00349373,0.0173744,-0.0190359,0.0156599,-0.0125802,0.00997922,-0.0122201,0.000728705,0.000688823,-0.00304676,0.00662795,0.019863,-0.00688504,0.0201063,-0.00772987,-0.00203262,0.0130572,-0.0214233,-0.0082269,-0.00723952,0.00180848,-0.018373,-0.00501185,0.0288161,-0.0101483,-0.00325398,0.00909929,-0.00246276,0.0214046,-0.000416813,-0.0021806,0.0352793,-0.00377405,0.0180987,-0.0204714,0.0165319,-0.0126819,0.0208584,-0.00804796,0.00853275,-0.00780339,0.00945261,0.0251018,0.0154221,-0.0135965,0.00954688,0.00730687,0.0429992,0.00360273,-0.0152557,-0.018775,-0.00127583,-0.00824386,0.0100983,0.0214367,0.0187131,-0.0437593,0.028013,0.0276382,0.00876055,0.0213324,0.00872688,-0.00687858,0.0215036,-0.0247074,0.0267046,-0.0381097,0.0065897,0.00969891,
1525339364	current_state_with_lod: 	Tensor[lod_reset_0.tmp_0]
	shape: [4,32,]
	dtype: f
	LoD: [[ 0,2,4, ][ 0,2,2,3,4, ]]
	data: 0.00974431,-0.0139231,-0.00123828,-0.00260895,-0.0139188,0.00983625,0.0191695,-0.0112287,0.0138644,-0.00381398,0.0104407,0.00983855,-0.0160065,0.00581149,-0.013534,-0.00269881,-0.0210866,-0.00464123,0.0296071,-0.0280103,-0.00775398,0.0117473,-0.00275663,0.0236754,0.00363065,0.0131064,0.0332834,-0.00347533,0.0204875,-0.0258706,0.00792046,-0.000125159,0.0100904,-0.013333,0.00112659,0.000428735,-0.00339041,0.00670067,0.0200117,-0.00769146,0.0202164,-0.00802632,-0.00261211,0.012915,-0.0214904,-0.00863158,-0.00654445,0.000981943,-0.0181459,-0.00560488,0.0299853,-0.00981178,-0.00345788,0.00846113,-0.00276221,0.0226689,-0.00205231,-0.00126465,0.0355825,-0.00349373,0.0173744,-0.0190359,0.0156599,-0.0125802,0.00997922,-0.0122201,0.000728705,0.000688823,-0.00304676,0.00662795,0.019863,-0.00688504,0.0201063,-0.00772987,-0.00203262,0.0130572,-0.0214233,-0.0082269,-0.00723952,0.00180848,-0.018373,-0.00501185,0.0288161,-0.0101483,-0.00325398,0.00909929,-0.00246276,0.0214046,-0.000416813,-0.0021806,0.0352793,-0.00377405,0.0180987,-0.0204714,0.0165319,-0.0126819,0.0208584,-0.00804796,0.00853275,-0.00780339,0.00945261,0.0251018,0.0154221,-0.0135965,0.00954688,0.00730687,0.0429992,0.00360273,-0.0152557,-0.018775,-0.00127583,-0.00824386,0.0100983,0.0214367,0.0187131,-0.0437593,0.028013,0.0276382,0.00876055,0.0213324,0.00872688,-0.00687858,0.0215036,-0.0247074,0.0267046,-0.0381097,0.0065897,0.00969891,
1525339364	topk_scores: 	Tensor[top_k_0.tmp_0]
	shape: [4,50,]
	dtype: f
	LoD: [[ 0,2,4, ][ 0,2,2,3,4, ]]
	data: 3.34229e-05,3.34216e-05,3.34215e-05,3.34203e-05,3.34146e-05,3.3414e-05,3.34121e-05,3.34108e-05,3.34105e-05,3.34089e-05,3.3408e-05,3.34078e-05,3.34076e-05,3.34073e-05,3.34071e-05,3.34071e-05,3.34069e-05,3.34066e-05,3.34054e-05,3.34053e-05,3.34053e-05,3.34051e-05,3.3405e-05,3.34045e-05,3.34042e-05,3.34039e-05,3.34038e-05,3.34035e-05,3.34034e-05,3.34033e-05,3.34023e-05,3.34022e-05,3.34022e-05,3.34021e-05,3.34018e-05,3.34016e-05,3.34016e-05,3.34015e-05,3.3401e-05,3.34009e-05,3.34009e-05,3.34009e-05,3.34008e-05,3.34007e-05,3.34007e-05,3.34005e-05,3.34004e-05,3.34004e-05,3.34003e-05,3.33999e-05,3.34076e-05,3.34074e-05,3.34064e-05,3.34049e-05,3.34046e-05,3.34046e-05,3.34027e-05,3.34024e-05,3.34004e-05,3.33998e-05,3.33996e-05,3.33994e-05,3.33991e-05,3.33987e-05,3.33985e-05,3.33985e-05,3.33982e-05,3.3398e-05,3.3398e-05,3.3398e-05,3.33977e-05,3.33975e-05,3.33975e-05,3.33974e-05,3.33973e-05,3.33968e-05,3.33968e-05,3.33966e-05,3.33965e-05,3.33964e-05,3.33964e-05,3.33963e-05,3.33962e-05,3.33961e-05,3.3396e-05,3.33959e-05,3.33959e-05,3.33958e-05,3.33956e-05,3.33954e-05,3.33953e-05,3.33949e-05,3.33948e-05,3.33947e-05,3.33945e-05,3.33942e-05,3.33939e-05,3.33939e-05,3.33935e-05,3.33935e-05,3.34062e-05,3.34062e-05,3.34061e-05,3.34043e-05,3.34041e-05,3.34033e-05,3.34017e-05,3.34015e-05,3.34011e-05,3.34002e-05,3.33996e-05,3.33992e-05,3.33983e-05,3.33982e-05,3.33978e-05,3.33978e-05,3.33978e-05,3.33976e-05,3.33975e-05,3.33973e-05,3.33973e-05,3.33971e-05,3.33968e-05,3.33968e-05,3.33966e-05,3.33964e-05,3.33963e-05,3.33963e-05,3.3396e-05,3.33958e-05,3.33958e-05,3.33957e-05,3.33956e-05,3.33955e-05,3.33954e-05,3.33952e-05,3.3395e-05,3.33949e-05,3.33948e-05,3.33947e-05,3.33946e-05,3.33945e-05,3.33944e-05,3.33942e-05,3.33942e-05,3.33941e-05,3.3394e-05,3.33939e-05,3.33939e-05,3.33935e-05,3.34615e-05,3.34497e-05,3.34479e-05,3.34472e-05,3.34448e-05,3.34419e-05,3.34414e-05,3.3438e-05,3.34376e-05,3.34369e-05,3.34357e-05,3.34355e-05,3.34352e-05,3.3435e-05,3.34347e-05,3.34345e-05,3.34344e-05,3.34335e-05,3.34334e-05,3.34333e-05,3.34317e-05,3.34315e-05,3.34311e-05,3.3431e-05,3.34307e-05,3.34301e-05,3.34299e-05,3.34299e-05,3.34296e-05,3.3429e-05,3.3429e-05,3.34286e-05,3.34273e-05,3.34268e-05,3.34266e-05,3.34264e-05,3.34263e-05,3.34263e-05,3.34262e-05,3.34259e-05,3.34259e-05,3.34259e-05,3.34248e-05,3.34246e-05,3.34246e-05,3.34245e-05,3.34245e-05,3.34242e-05,3.3424e-05,3.3424e-05,
1525339364	topk_indices: 	Tensor[top_k_0.tmp_1]
	shape: [4,50,]
	dtype: l
	LoD: [[ 0,2,4, ][ 0,2,2,3,4, ]]
	data: 13138,8282,15452,26984,15602,19676,21436,29200,13209,22633,12395,7412,29345,15019,13071,9957,11076,11287,6363,13221,5546,7818,19702,29683,26477,14895,28193,9471,12877,19080,8194,19003,18725,24628,5236,18314,20653,25027,8798,19511,16140,23531,28654,11087,13399,3501,23281,26539,4958,24905,15452,18725,26984,13138,25594,29683,23281,8282,19676,9957,9220,15019,10287,23330,16592,22520,11087,11076,2394,24414,13071,18745,24533,5546,9319,18314,26477,11517,19374,17793,15602,2754,9630,19702,446,16724,11942,2949,28073,4771,20653,26611,2109,19288,19111,26539,3501,25027,3077,5605,26984,18725,15452,29683,13138,25594,8282,23281,19676,9957,16592,10287,11087,9220,22520,13071,18745,17793,15019,11076,23330,24414,19374,5546,26477,19702,11517,15602,2394,9319,18314,19111,2754,24533,16724,11942,9630,20653,446,28073,26611,5605,3501,26539,2949,4771,13209,2109,19288,25027,24628,19111,23060,13071,29247,28512,13145,26984,9469,5546,14672,18126,29681,3784,23878,29684,3467,4682,8787,7915,2999,8194,6220,3854,28191,20440,1293,917,10473,8563,17949,25321,13349,17593,7905,6535,20821,1894,12680,2908,7996,14621,12925,13188,2492,15485,7885,4395,26611,10588,
1525339364	selected_ids: 	Tensor[beam_search_0.tmp_1]
	shape: [4,1,]
	dtype: l
	LoD: [[ 0,2,4, ][ 0,2,2,2,4, ]]
	data: 8282,13138,19111,24628,
1525339364	selected_scores: 	Tensor[beam_search_0.tmp_0]
	shape: [4,1,]
	dtype: f
	LoD: [[ 0,2,4, ][ 0,2,2,2,4, ]]
	data: 3.34216e-05,3.34229e-05,3.34497e-05,3.34615e-05,
x_array's size: 8
offset: 7
1525339364	prev_ids: 	Tensor[array_read_0.tmp_0]
	shape: [4,1,]
	dtype: l
	LoD: [[ 0,2,4, ][ 0,2,2,2,4, ]]
	data: 8282,13138,19111,24628,
x_array's size: 8
offset: 7
1525339364	prev_scores: 	Tensor[array_read_1.tmp_0]
	shape: [4,1,]
	dtype: f
	LoD: [[ 0,2,4, ][ 0,2,2,2,4, ]]
	data: 3.34216e-05,3.34229e-05,3.34497e-05,3.34615e-05,
1525339364	prev_ids_embedding: 	Tensor[embedding_1.tmp_0]
	shape: [4,16,]
	dtype: f
	LoD: [[ 0,2,4, ][ 0,2,2,2,4, ]]
	data: -0.00276635,-0.0115247,0.00539998,0.00752453,0.00182165,-0.00778517,-0.000272473,-0.00388783,0.00339656,0.00690406,-0.00349226,0.0109211,0.0104104,0.0135639,-0.00673927,0.0126216,-0.00772533,0.00392493,0.00619186,0.00232263,-0.00167525,0.00523411,0.00337463,-0.0054059,-0.010608,0.00345427,-0.00663298,-0.00320165,0.0136784,0.00903211,-0.0099397,0.000426045,0.0130092,-0.00190635,-0.00879125,-0.0137143,0.0138682,0.0108145,0.00794031,-0.00442759,-0.00872384,-0.0113111,-0.0030508,-3.99025e-05,-0.00331385,-0.00131389,0.00173802,-0.00121808,-0.00189563,-0.000464395,0.00664226,-0.0012165,0.00900061,-0.00352723,-0.00867949,0.00862757,0.00155559,-0.0130219,0.0105674,-0.0124736,0.0133107,-0.0096615,-0.00220373,0.0009562,
x_array's size: 8
offset: 7
1525339364	prev_state: 	Tensor[array_read_2.tmp_0]
	shape: [4,32,]
	dtype: f
	data: 0.00974431,-0.0139231,-0.00123828,-0.00260895,-0.0139188,0.00983625,0.0191695,-0.0112287,0.0138644,-0.00381398,0.0104407,0.00983855,-0.0160065,0.00581149,-0.013534,-0.00269881,-0.0210866,-0.00464123,0.0296071,-0.0280103,-0.00775398,0.0117473,-0.00275663,0.0236754,0.00363065,0.0131064,0.0332834,-0.00347533,0.0204875,-0.0258706,0.00792046,-0.000125159,0.0100904,-0.013333,0.00112659,0.000428735,-0.00339041,0.00670067,0.0200117,-0.00769146,0.0202164,-0.00802632,-0.00261211,0.012915,-0.0214904,-0.00863158,-0.00654445,0.000981943,-0.0181459,-0.00560488,0.0299853,-0.00981178,-0.00345788,0.00846113,-0.00276221,0.0226689,-0.00205231,-0.00126465,0.0355825,-0.00349373,0.0173744,-0.0190359,0.0156599,-0.0125802,0.00997922,-0.0122201,0.000728705,0.000688823,-0.00304676,0.00662795,0.019863,-0.00688504,0.0201063,-0.00772987,-0.00203262,0.0130572,-0.0214233,-0.0082269,-0.00723952,0.00180848,-0.018373,-0.00501185,0.0288161,-0.0101483,-0.00325398,0.00909929,-0.00246276,0.0214046,-0.000416813,-0.0021806,0.0352793,-0.00377405,0.0180987,-0.0204714,0.0165319,-0.0126819,0.0208584,-0.00804796,0.00853275,-0.00780339,0.00945261,0.0251018,0.0154221,-0.0135965,0.00954688,0.00730687,0.0429992,0.00360273,-0.0152557,-0.018775,-0.00127583,-0.00824386,0.0100983,0.0214367,0.0187131,-0.0437593,0.028013,0.0276382,0.00876055,0.0213324,0.00872688,-0.00687858,0.0215036,-0.0247074,0.0267046,-0.0381097,0.0065897,0.00969891,
1525339364	prev_state_expanded: 	Tensor[sequence_expand_0.tmp_0]
	shape: [4,32,]
	dtype: f
	data: 0.00974431,-0.0139231,-0.00123828,-0.00260895,-0.0139188,0.00983625,0.0191695,-0.0112287,0.0138644,-0.00381398,0.0104407,0.00983855,-0.0160065,0.00581149,-0.013534,-0.00269881,-0.0210866,-0.00464123,0.0296071,-0.0280103,-0.00775398,0.0117473,-0.00275663,0.0236754,0.00363065,0.0131064,0.0332834,-0.00347533,0.0204875,-0.0258706,0.00792046,-0.000125159,0.00974431,-0.0139231,-0.00123828,-0.00260895,-0.0139188,0.00983625,0.0191695,-0.0112287,0.0138644,-0.00381398,0.0104407,0.00983855,-0.0160065,0.00581149,-0.013534,-0.00269881,-0.0210866,-0.00464123,0.0296071,-0.0280103,-0.00775398,0.0117473,-0.00275663,0.0236754,0.00363065,0.0131064,0.0332834,-0.00347533,0.0204875,-0.0258706,0.00792046,-0.000125159,0.0208584,-0.00804796,0.00853275,-0.00780339,0.00945261,0.0251018,0.0154221,-0.0135965,0.00954688,0.00730687,0.0429992,0.00360273,-0.0152557,-0.018775,-0.00127583,-0.00824386,0.0100983,0.0214367,0.0187131,-0.0437593,0.028013,0.0276382,0.00876055,0.0213324,0.00872688,-0.00687858,0.0215036,-0.0247074,0.0267046,-0.0381097,0.0065897,0.00969891,0.0208584,-0.00804796,0.00853275,-0.00780339,0.00945261,0.0251018,0.0154221,-0.0135965,0.00954688,0.00730687,0.0429992,0.00360273,-0.0152557,-0.018775,-0.00127583,-0.00824386,0.0100983,0.0214367,0.0187131,-0.0437593,0.028013,0.0276382,0.00876055,0.0213324,0.00872688,-0.00687858,0.0215036,-0.0247074,0.0267046,-0.0381097,0.0065897,0.00969891,
1525339364	current_state: 	Tensor[fc_1.tmp_3]
	shape: [4,32,]
	dtype: f
	data: 0.0174667,-0.000463731,0.0229656,0.00865146,-0.0406497,0.00508129,0.0105351,-0.0334617,0.00773178,-0.016666,0.00441552,-0.0123409,-0.0241652,-0.0235046,0.048836,0.00835616,-0.0145606,-0.00811187,0.0122796,0.00420624,-0.0153683,0.0234718,0.00928796,-0.00257618,-0.0266627,0.0220531,-0.0146192,0.0129444,-0.00887217,0.0261634,-0.0343121,-0.0101016,0.0106666,-0.0141265,0.0210514,0.0131342,-0.0284184,0.0213359,0.010644,-0.027218,0.00968976,-0.0205249,-0.00948662,-0.00456429,-0.0212873,-0.0337234,0.0402862,0.0082799,-0.0209026,-0.0107718,0.0190848,0.00903683,-0.0114644,0.0191186,0.00936822,0.00571797,-0.0233968,0.0208636,-0.0128933,0.0117275,-0.014046,0.0232136,-0.0282038,-0.00670348,0.0130994,-0.038447,-0.00726471,0.0104039,-0.0368901,0.0102195,0.00293253,-0.0194268,0.0156729,-0.0465713,-0.0186531,-0.00829899,-0.0236698,-0.0662614,0.0546417,0.0151511,-0.00135531,-0.0240131,0.0444592,0.0194226,-0.0239175,-0.0122338,-0.0131115,-0.00656681,-0.0292254,0.0200326,-0.0209951,-0.00962972,-0.0553358,0.0510771,-0.065461,-0.0134245,0.0225154,-0.0327409,-0.000962848,0.00483133,-0.0453061,0.0118757,0.0059571,-0.0311877,0.0144305,-0.0355237,-0.00132341,-0.0176985,-0.0230441,-0.069743,0.0455522,0.00443269,0.00501746,-0.0289786,0.0384783,0.0211368,-0.0195445,-0.010394,-0.0128361,0.000987773,-0.0152285,0.0246574,-0.0177148,-0.0085301,-0.0423138,0.0695357,-0.0653098,0.00317183,
1525339364	current_state_with_lod: 	Tensor[lod_reset_0.tmp_0]
	shape: [4,32,]
	dtype: f
	LoD: [[ 0,2,4, ][ 0,2,2,2,4, ]]
	data: 0.0174667,-0.000463731,0.0229656,0.00865146,-0.0406497,0.00508129,0.0105351,-0.0334617,0.00773178,-0.016666,0.00441552,-0.0123409,-0.0241652,-0.0235046,0.048836,0.00835616,-0.0145606,-0.00811187,0.0122796,0.00420624,-0.0153683,0.0234718,0.00928796,-0.00257618,-0.0266627,0.0220531,-0.0146192,0.0129444,-0.00887217,0.0261634,-0.0343121,-0.0101016,0.0106666,-0.0141265,0.0210514,0.0131342,-0.0284184,0.0213359,0.010644,-0.027218,0.00968976,-0.0205249,-0.00948662,-0.00456429,-0.0212873,-0.0337234,0.0402862,0.0082799,-0.0209026,-0.0107718,0.0190848,0.00903683,-0.0114644,0.0191186,0.00936822,0.00571797,-0.0233968,0.0208636,-0.0128933,0.0117275,-0.014046,0.0232136,-0.0282038,-0.00670348,0.0130994,-0.038447,-0.00726471,0.0104039,-0.0368901,0.0102195,0.00293253,-0.0194268,0.0156729,-0.0465713,-0.0186531,-0.00829899,-0.0236698,-0.0662614,0.0546417,0.0151511,-0.00135531,-0.0240131,0.0444592,0.0194226,-0.0239175,-0.0122338,-0.0131115,-0.00656681,-0.0292254,0.0200326,-0.0209951,-0.00962972,-0.0553358,0.0510771,-0.065461,-0.0134245,0.0225154,-0.0327409,-0.000962848,0.00483133,-0.0453061,0.0118757,0.0059571,-0.0311877,0.0144305,-0.0355237,-0.00132341,-0.0176985,-0.0230441,-0.069743,0.0455522,0.00443269,0.00501746,-0.0289786,0.0384783,0.0211368,-0.0195445,-0.010394,-0.0128361,0.000987773,-0.0152285,0.0246574,-0.0177148,-0.0085301,-0.0423138,0.0695357,-0.0653098,0.00317183,
1525339364	topk_scores: 	Tensor[top_k_0.tmp_0]
	shape: [4,50,]
	dtype: f
	LoD: [[ 0,2,4, ][ 0,2,2,2,4, ]]
	data: 3.34567e-05,3.34488e-05,3.34453e-05,3.34441e-05,3.34436e-05,3.34428e-05,3.34426e-05,3.3442e-05,3.34387e-05,3.34387e-05,3.34384e-05,3.34378e-05,3.34375e-05,3.34363e-05,3.34362e-05,3.34362e-05,3.3436e-05,3.34338e-05,3.34334e-05,3.3433e-05,3.34328e-05,3.34323e-05,3.34322e-05,3.34304e-05,3.34303e-05,3.34301e-05,3.343e-05,3.34299e-05,3.34298e-05,3.34283e-05,3.34282e-05,3.34281e-05,3.34271e-05,3.34268e-05,3.34265e-05,3.34263e-05,3.34263e-05,3.34261e-05,3.3426e-05,3.34259e-05,3.34258e-05,3.34258e-05,3.34256e-05,3.34255e-05,3.34252e-05,3.34249e-05,3.34249e-05,3.34247e-05,3.34245e-05,3.34244e-05,3.34598e-05,3.34445e-05,3.34392e-05,3.34371e-05,3.34362e-05,3.3436e-05,3.34327e-05,3.34327e-05,3.34316e-05,3.34315e-05,3.34312e-05,3.34305e-05,3.34293e-05,3.3429e-05,3.34282e-05,3.34276e-05,3.3427e-05,3.34266e-05,3.34263e-05,3.34261e-05,3.34259e-05,3.34251e-05,3.34243e-05,3.34243e-05,3.34241e-05,3.34241e-05,3.34237e-05,3.34237e-05,3.34236e-05,3.34231e-05,3.34231e-05,3.3423e-05,3.34227e-05,3.34223e-05,3.34221e-05,3.34213e-05,3.34197e-05,3.34197e-05,3.34196e-05,3.34194e-05,3.34193e-05,3.34186e-05,3.34185e-05,3.34184e-05,3.34182e-05,3.34179e-05,3.34179e-05,3.34178e-05,3.34178e-05,3.34176e-05,3.3539e-05,3.3522e-05,3.35189e-05,3.35094e-05,3.3508e-05,3.35052e-05,3.35042e-05,3.35024e-05,3.35019e-05,3.34925e-05,3.34895e-05,3.34894e-05,3.34885e-05,3.34879e-05,3.34875e-05,3.34847e-05,3.34842e-05,3.34835e-05,3.34835e-05,3.34817e-05,3.34815e-05,3.34796e-05,3.34791e-05,3.3479e-05,3.34788e-05,3.3477e-05,3.34763e-05,3.34756e-05,3.34747e-05,3.34745e-05,3.34739e-05,3.34738e-05,3.34736e-05,3.34736e-05,3.34733e-05,3.34732e-05,3.34729e-05,3.34724e-05,3.34724e-05,3.34722e-05,3.34721e-05,3.3472e-05,3.34713e-05,3.34711e-05,3.3471e-05,3.34709e-05,3.34708e-05,3.34703e-05,3.34702e-05,3.347e-05,3.35202e-05,3.35199e-05,3.35155e-05,3.35097e-05,3.35053e-05,3.34977e-05,3.34945e-05,3.34911e-05,3.34903e-05,3.34891e-05,3.3489e-05,3.34882e-05,3.34851e-05,3.34849e-05,3.34844e-05,3.34842e-05,3.34833e-05,3.34827e-05,3.3482e-05,3.3482e-05,3.34814e-05,3.34809e-05,3.34806e-05,3.34795e-05,3.34794e-05,3.34794e-05,3.3479e-05,3.34789e-05,3.34772e-05,3.34765e-05,3.34762e-05,3.34762e-05,3.34761e-05,3.34754e-05,3.34745e-05,3.34744e-05,3.34741e-05,3.3474e-05,3.34737e-05,3.3473e-05,3.34729e-05,3.34723e-05,3.3472e-05,3.34714e-05,3.34714e-05,3.34709e-05,3.34709e-05,3.34706e-05,3.34706e-05,3.34705e-05,
1525339364	topk_indices: 	Tensor[top_k_0.tmp_1]
	shape: [4,50,]
	dtype: l
	LoD: [[ 0,2,4, ][ 0,2,2,2,4, ]]
	data: 14316,28464,21712,16546,22350,6909,28729,18565,18955,27643,24462,9564,26076,24275,7408,1208,29765,18964,21809,10562,27380,24920,20406,11816,21763,168,11923,3383,19741,4191,8380,19315,9464,9741,7872,26546,29786,7597,8426,2057,29532,7409,13017,564,19786,20645,17903,17296,4190,2803,28464,14316,22350,24462,18565,1208,11923,21552,168,24920,18711,28729,19315,21712,21763,18486,27380,27643,2364,8426,9503,4191,28906,21809,7408,16546,20307,8909,7872,17053,896,7597,27125,2361,29786,18955,25242,19733,22549,24118,21789,8727,29532,14460,11383,29864,18933,1177,20645,4328,24462,28464,22350,21552,23938,7538,1208,27937,10764,22151,1250,27643,7588,18565,24787,19733,29864,14269,834,7529,2364,19741,4328,410,17753,8426,15242,27054,25309,4913,19449,23810,12932,18933,21610,10838,4216,15495,18767,688,3806,21763,24118,25242,26561,27940,29765,7781,19046,11597,28464,24462,22350,1208,10764,23938,4328,21552,18955,7538,1250,18565,27937,25911,2364,27643,19733,27614,19279,29864,19449,834,24787,27940,22151,19741,7781,969,28868,1965,15360,410,22994,27024,19783,3806,18208,28729,7588,168,5126,7872,29765,22447,29532,7140,15242,4216,16981,18136,
1525339364	selected_ids: 	Tensor[beam_search_0.tmp_1]
	shape: [4,1,]
	dtype: l
	LoD: [[ 0,2,4, ][ 0,1,2,4,4, ]]
	data: 14316,28464,24462,28464,
1525339364	selected_scores: 	Tensor[beam_search_0.tmp_0]
	shape: [4,1,]
	dtype: f
	LoD: [[ 0,2,4, ][ 0,1,2,4,4, ]]
	data: 3.34567e-05,3.34598e-05,3.3539e-05,3.3522e-05,
[[0L, 6L, 11L], [0L, 3L, 7L, 13L, 20L, 29L, 38L, 42L, 49L, 57L, 66L, 75L]]
